5.219662343261644022e-02
2.418605238839662344e-02
9.788721302003840219e-02
3.344388298065706366e-01
9.888239942601040333e-02
8.190976605119562950e-03
1.180647063130961655e-01
1.663682631040243971e-04
7.412313986375865249e-02
8.081423215277405703e-02
4.193617231073887286e-02
1.109811308438705957e-02
1.702910215157894536e-01
6.875147335460203568e-02
6.401017476833725881e-04
1.008006573564545483e-01
3.577271234918761450e-02
1.603717543965817449e-01
2.381071400776199609e-02
2.157553508668787548e-02
5.246502740272716153e-02
4.800528331893866296e-02
6.907084992136229562e-02
1.056853004523602285e-02
7.553016523914785063e-02
1.866847615232239063e-02
4.647656121465543362e-03
8.393419847796968966e-03
1.836020700567781438e-01
3.208188555317710577e-02
1.590946374442862021e-01
1.395762904579732691e-02
9.688062210108916439e-02
6.828650456342215402e-02
1.875007974254377929e-02
3.883483780395112217e-01
4.144493958588144067e-02
5.366825794890157930e-02
3.258555713950551935e-02
8.811486514588631747e-02
1.046878321727436750e-01
4.018774479731954674e-01
1.738090214388218410e-02
1.427803746593768186e-01
4.643793748428119705e-02
9.152188029143384917e-02
4.857941511009588112e-03
7.536011595966360388e-02
2.720001962245972155e-02
1.118321496264187420e-01
1.637920341522201007e-01
8.696867919160844451e-02
6.229572306923021330e-01
2.191699130251395511e-02
1.169841123716063892e-02
1.704396434522081547e-02
2.621062507303736910e-01
9.075805695438152187e-02
2.261782319177034761e-01
3.895112732347588702e-02
7.650487356383081639e-02
8.864545838887984142e-02
3.595456437185109988e-02
4.140800646768350024e-02
8.814743273880270777e-03
3.197064117147527945e-02
2.814878296381292944e-02
8.503914762238035108e-02
3.130830536228981220e-01
6.742583245398613145e-02
2.243510412626663190e-04
1.940294596414429418e-01
1.101693797783716011e-01
8.454290061765241948e-02
2.368497360643959382e-01
1.340711209519586666e-01
3.785585689834213702e-02
8.611404164228125477e-03
3.852760463247215800e-02
2.701907988301190371e-03
2.401886873859766236e-01
3.763249199629745828e-02
1.871175364261921104e-01
9.695864939795224499e-03
1.886140935426242060e-01
1.389376971700506669e-02
2.890609414547975695e-02
7.603540138092214351e-02
2.431921449252930079e-01
7.364252618486138990e-02
4.088426304213238494e-02
4.629387587324868686e-02
4.061751718561396052e-02
3.286946383837937441e-02
1.876193667959948075e-02
1.046505126457432794e-01
9.963522038932284830e-02
4.226884416617687212e-01
3.291139645378701045e-02
2.826254075832231871e-01
3.407224212455584600e-01
5.800754284213721634e-02
1.593562829876991327e-01
1.763006938365116738e-01
1.858681455622801515e-01
3.545024231949285842e-01
2.380977653683821402e-02
1.805020480906017744e-01
1.510911832326481963e-01
1.456534958652952461e-02
4.659143578105246104e-03
1.965554906296221316e-01
5.233882963934421984e-02
4.880624192167672820e-02
5.372954483701970763e-02
1.077996709760981053e-01
6.292921666044483386e-02
8.398337635342106866e-02
1.900030475354267528e-02
4.330072267118651765e-03
3.544559380705978452e-02
1.042491079524942438e-02
1.740388671090178571e-02
5.069109455420890697e-02
9.667847658787005749e-02
3.410457508854185943e-02
6.112294082175548371e-02
4.012035489961486845e-01
8.544773061057094055e-02
2.856126479609295485e-03
2.016058008428252557e-01
2.379616474136717896e-01
1.500189063529180911e-01
1.808797348024920593e-01
5.323080126026814851e-02
1.141342283996443635e-01
1.834121650074116427e-01
2.734743109014373119e-02
7.410682450095872065e-02
1.029086454312994753e-01
6.193513612947249697e-03
5.090807850105393689e-02
4.507625267967346055e-02
1.594686748679400440e-02
2.520007211017971302e-02
1.246000355971176310e-01
7.214451071888958178e-02
1.527371106892626285e-01
2.916820779464337002e-02
2.796941456751454030e-02
7.287898364759919090e-02
9.908521501388834959e-03
8.717685939593508571e-02
6.114218373269980633e-02
3.957245889586935572e-02
4.306580284750925747e-02
7.456946761281525726e-02
2.055570892764398416e-01
1.639396120400540835e-02
2.251404689534678219e-02
8.751450783276790157e-02
2.356177101570205643e-02
1.910525704970120753e-01
1.620514986046334704e-01
3.149389123827868453e-02
3.528899140149480140e-01
7.641689136884016742e-02
5.662498173494440352e-03
1.169618307215656849e-01
1.342878990019640006e-01
1.903921220241336365e-02
9.974037198002397298e-02
8.029789929759087452e-02
1.426842367091416264e-01
8.123207454022253471e-02
7.874024366933746188e-02
5.536975045076696772e-02
1.919419524418090189e-02
1.709816642738073711e-01
6.543840181380257415e-02
9.427625958640734743e-03
1.292472624008441651e-01
8.246543995874663913e-02
5.673888218985958520e-01
1.231789203552465656e-02
1.222978358924655118e-01
4.879062353480494857e-02
2.044384179862185347e-02
4.869420803329488172e-03
1.796276633974832893e-01
4.401349496692334995e-01
1.404630850789232999e-01
4.030278261355552810e-02
1.873635533349915158e-02
3.905653641156383027e-01
1.640396448996475284e-02
6.308443676762538754e-02
5.509138304765451993e-02
7.611306313006366286e-02
6.380516004779440871e-03
9.510254036382836951e-02
2.137292642512087296e-02
8.683593264003916512e-02
4.823909620048165425e-02
1.139068266924978118e-01
5.603244978072267207e-02
1.170650861589955793e-02
5.683324031162653202e-03
1.051402741360263869e-02
2.024717606338085826e-02
1.475369793124616524e-01
1.125000561235792174e-01
1.125384263853493327e-02
3.027451969314086666e-01
2.062046743354937692e-02
1.626504221966126040e-01
3.784196728137007026e-02
1.090042370760271884e-02
3.654882593222672643e-02
3.685943002019583664e-02
5.428569116046333409e-02
4.355699517279980337e-03
2.849634677416725340e-02
1.873636116687218273e-02
6.053615141695858903e-02
3.071224099133805785e-01
5.128617486651504409e-02
1.548957679525088116e-01
3.557882366438254451e-02
9.593599189318974263e-02
8.740904816477734762e-02
4.792885137093622072e-02
1.065554851148143856e-01
1.347961375065948042e-01
1.376986289888653542e-02
4.239580929271124371e-02
7.427138651149856052e-02
5.361117137848232517e-01
6.404453797430309514e-02
1.857127468621254038e-02
1.892414096798181733e-01
5.988268160574368171e-01
1.399071323676014111e-01
1.025757177201888810e-02
4.922858093382809219e-02
1.677045627850373699e-01
1.778795238107693313e-02
1.730057052390949757e-01
4.254365539553196796e-02
2.393190310332125037e-01
4.582495069365969537e-02
1.430417227304330852e-01
5.144998141435724870e-02
2.809055521648049381e-03
2.520480655347788479e-02
7.224173263546193602e-02
5.276490772857801714e-02
2.299859334710412373e-01
3.667855156648493209e-02
2.782174886460273000e-01
9.754650041140172645e-02
1.786074905770637100e-01
1.262700827923166069e-01
4.786507814214790296e-02
1.032301207880763488e-01
4.899476218968879526e-01
3.376966580175208010e-01
2.111032924115327780e-01
3.628178071981957159e-02
1.947522072472046006e-01
1.421819421800275297e-02
4.759758629159430154e-02
3.187738060441306365e-01
8.515457847453483664e-02
4.791953485639782739e-02
1.670589938111923800e-01
1.134536713760241344e-01
5.966415476139438900e-02
1.289161541827031909e-01
2.356962892205387572e-01
1.913403707268459542e-01
8.030438769691072842e-02
1.627669332855640610e-02
8.967628286993156728e-02
1.527650589552717597e-01
9.853414394188458880e-02
2.059727739573156968e-02
4.179234376758083486e-03
1.732040545014458185e-02
6.995178244989790073e-02
2.016169758530509393e-01
7.762986408330098398e-03
6.685826791187628182e-03
1.368716228752859532e-01
2.296796026388449319e-01
5.662169847808521186e-03
2.009628630066745691e-01
7.359068290082597386e-02
3.310996691488959486e-03
1.930625432904175664e-04
2.992167739567336837e-01
1.734357786592354012e-01
2.490367300343456769e-01
5.787937565003242746e-02
1.113872237921367525e-01
4.773226877907621370e-04
4.735753490013264871e-03
5.760932122168341274e-02
9.538453430336640837e-02
1.165306264278283682e-01
1.985810771011608383e-02
7.340655264251186307e-02
2.053302180011143743e-02
4.510681446702825004e-01
1.496925810233837029e-01
1.411152219880371927e-01
4.386882593147041209e-01
6.823090915622380404e-02
2.214371917124439287e-02
6.104609257710304259e-04
1.047933675874812738e-02
6.043589855983242526e-02
1.012791742039167607e-03
1.002618298385987983e-01
4.247866243317319733e-03
1.357121328426674489e-01
1.544462070287825617e-01
1.082854108082807465e-01
1.338021157586026799e-01
5.414206382340014390e-02
8.264833759021704071e-03
5.150938340671573634e-02
5.349021292924521082e-02
1.969060555320031880e-02
1.195405427527505698e-01
1.814787171075589109e-02
4.554343164833215413e-03
6.923851614601232718e-02
1.817315088474899809e-01
2.006023007638370048e-01
1.775851423515267535e-01
2.793706727491863245e-02
6.188072625436770923e-04
5.800653767686028695e-02
6.688180240630847706e-02
2.574619219460984321e-02
1.994108406266181799e-02
1.953128980560702166e-01
5.806444922083154637e-03
1.265067664948858750e-01
9.174534206920510748e-02
9.194906468187789839e-02
6.272677660816024237e-02
8.991814996634931584e-03
3.623501235010899713e-01
2.353159777056319096e-02
1.258502762520431750e-01
2.967597061497412869e-01
9.473632163945017171e-02
1.840266860564211959e-01
4.900858994969588961e-02
4.234023755564781388e-01
1.959530722581464407e-02
1.992142322604596449e-01
1.339488412406128759e-01
1.037497203990472017e-01
7.189672592478172676e-04
2.534022092163961196e-02
6.696705488762343117e-02
5.355035335058375319e-03
6.033068625069124002e-02
1.412817476695705935e-03
7.318985710635106390e-03
2.018493205435789584e-02
5.143579903445773260e-02
1.332250671410592328e-02
5.277040653034303051e-03
6.834155415164260006e-02
4.647087866546531498e-02
1.036036118190505201e-01
5.497809212415275676e-02
7.717207729571376462e-02
1.543388684180816983e-01
8.522471772484885300e-02
1.620199617761498290e-01
2.361095786114988937e-01
2.559576506493030021e-02
1.249730380772023051e-02
4.641966594097733934e-01
3.975167112746760822e-01
1.040325608899390734e-02
3.830580958808185027e-02
2.304033899852089839e-01
5.771494181514247312e-02
2.033687259173596923e-04
4.001906355955545808e-02
3.005438905588470044e-01
7.151280614480284847e-02
1.999498629527207139e-01
1.040126517126646055e-01
8.786697852196774516e-02
1.684523181117617285e-01
6.347738914626666062e-02
8.427351260354980222e-02
2.768090378781541683e-02
5.680470547857921493e-02
3.666628222582656721e-02
5.807457983399631068e-02
2.203916831695272235e-02
1.215361029253639313e-01
1.607892010248796952e-02
1.186842862115441433e-01
1.359060577669498997e-02
5.507345082040740469e-02
1.877417723524117676e-02
1.290404354360891737e-01
3.107920012799430046e-02
1.079430989186421636e-01
9.807272360984084503e-02
3.652421641349942044e-02
3.253244791243495304e-01
4.480732544886303903e-02
6.580270170424803999e-02
9.315794574017838281e-02
4.147694290228409048e-02
1.497090693755436519e-01
4.321833533498214280e-02
3.761112946161351833e-02
1.066028695239577655e-02
9.220849742385578418e-02
5.079173773362888680e-03
9.230306510490719762e-02
2.403105826118535557e-02
3.265124339827495809e-02
8.842514025060971283e-02
8.848415062191739011e-02
4.429324641353937775e-02
1.365337659919646229e-01
6.222552049138778234e-03
1.183477844968213594e-01
2.303275367635944371e-02
9.003583778039647711e-02
2.269579999162487510e-02
1.105325856709666876e-01
6.792997091258144715e-02
6.945223348653575129e-03
7.081600223678102823e-02
7.125774716187263658e-02
5.224545779553130265e-02
6.241871427647698034e-03
9.858191022977230711e-02
1.331815743085244530e-01
3.226830767724474941e-02
8.350301822491032824e-03
5.086364724718622776e-02
7.170883823279861242e-03
2.759367769862580699e-01
4.294241695180851803e-02
5.885044092984834108e-02
1.757382915448895966e-01
4.996832309017826268e-02
5.309231079512343604e-02
5.730372242034863922e-02
1.581504814492891084e-02
3.262054187498286684e-02
5.422012983450052656e-03
2.545521033210035866e-01
8.797414824407431139e-03
2.302162163052431931e-02
1.602149124243461287e-01
5.280966933344490022e-02
5.147688479459160832e-03
1.404481078112085890e-01
1.011232585724762406e-01
6.566591692698257876e-02
1.672806657812978270e-01
1.073189784896797089e-01
3.829366059852257198e-02
4.043730252903734133e-03
1.776109056399242103e-01
1.683696039656142757e-02
2.175052521336761323e-03
1.327114238414805747e-01
9.299448583316567707e-02
5.031995458037813451e-02
4.330544066440041723e-02
8.429959545294631040e-02
2.063640333802946591e-01
7.546481423170725567e-02
4.457682733503642511e-03
9.429854455627856291e-02
2.251155785952713151e-01
5.109561315249083746e-02
2.552860054577636706e-02
1.178658548321427357e-01
8.941422190967864003e-02
2.078027762082819696e-01
2.113720191654589256e-02
1.420708043048095337e-01
5.590921435163144493e-02
1.639687811572937415e-01
3.201546525080316979e-02
1.472486152487956050e-02
2.445967493287619365e-02
1.358529417270639694e-01
1.353694800566030698e-01
1.813213031983763185e-02
1.140432282963875221e-01
1.051778609017376687e-01
2.493448603635591704e-03
1.901039644416201851e-02
4.384446458725218543e-01
2.999190228799853419e-01
1.871956806798509843e-01
9.985505157479175956e-03
7.509172204060561573e-02
3.680948365204577133e-01
5.362257858693741247e-02
6.974546252433346805e-01
1.432428610675499925e-01
3.764790611544146515e-01
6.249194290639772248e-03
1.317675276585311139e-01
9.960219922988906849e-02
1.805095619972217902e-01
1.864576142025041461e-01
8.432569030513387132e-02
2.499133558684917544e-01
6.567211898838469508e-02
7.533137128482482459e-02
5.854913390395510842e-02
1.876736702884572450e-01
4.195907143428699304e-01
6.661098985645441672e-02
3.920915986235499161e-03
1.784773741246884968e-02
3.408976452602068691e-02
5.512766230978450865e-01
5.498560260056975513e-02
7.773538121128083234e-03
1.999619009035453598e-03
3.662919150300487231e-02
2.986456924494290677e-02
1.343067743020307826e-02
1.062608378369951645e-01
7.844065141334535807e-02
1.108712030592122477e-02
5.718463580507481686e-02
3.165549763149603235e-01
6.665181041254961310e-03
1.477601341491659726e-01
3.444948642892983193e-01
7.161272032784654629e-02
1.459233196321862436e-01
1.424815224266993453e-02
2.816433712972328876e-02
1.081626355988036248e-01
2.802436700692040872e-01
6.670171108975535279e-02
4.364349549274263579e-02
1.403869637929477769e-02
1.240876693068882902e-01
1.881576661193805691e-03
1.176527047661686115e-01
1.023204988818753602e-01
3.767329342326137392e-02
9.526017780640199523e-03
4.369815193427591116e-02
9.608938347885603859e-02
2.562500717650749438e-02
3.183804091440132766e-01
2.174458640950369392e-01
3.615948991841997761e-03
7.869014287232702076e-02
1.739043655264926602e-01
5.228283124855265251e-02
5.120316677378303205e-02
5.259694714269252946e-01
5.263748683616625845e-02
1.995095465447160876e-02
7.886539462016689539e-02
5.145249754881281445e-02
2.029561879679531722e-01
7.478840037582898392e-02
6.229482223213168857e-02
5.107560653656009753e-02
7.114043956362425813e-02
7.177520271818910169e-02
2.730440144991798657e-01
1.059570768825412179e-01
6.058943245632465724e-02
1.188731169331087162e-01
6.990224659515369143e-02
6.456224354388505338e-02
1.849346856270307413e-02
3.625864882313902665e-02
2.606549151514585272e-02
6.498446905253173200e-02
6.343487837513289707e-03
6.236119691504692780e-02
4.579280833383825300e-03
6.870545913918205128e-02
8.013687107389144693e-03
1.098968061863717094e-01
5.852124417331677764e-02
6.579482055984224587e-02
1.098491893936282687e-01
3.283778496488285459e-01
4.612269620751213717e-02
1.665672028858379561e-02
4.299905555777724930e-02
1.427007705573082874e-01
1.940609455322690746e-02
6.326027428671603114e-02
8.584032016913318089e-04
9.441834953844291389e-02
3.681699946716905647e-02
2.709962960053955427e-01
2.964390711680947588e-02
8.600401242272885660e-02
3.724707318203798051e-02
9.944408689088468645e-02
4.771720517736793843e-02
2.817126947497687606e-02
1.640756054631461458e-01
9.535893537772845152e-02
5.530976149960627197e-02
8.145169949862778036e-02
4.161368095640192305e-02
8.805858429920852826e-02
2.120377436361438050e-01
6.325281919891991012e-02
1.057223897614088942e-01
1.328728197587682007e-02
1.390647113069688190e-01
3.428922472538497440e-02
1.637025504933827813e-01
1.084594543245580439e-01
4.109384172270952318e-02
1.081662789211972897e-01
1.095155783343719665e-02
2.707950066981472115e-01
3.748604060378551289e-02
5.415721800652351092e-02
1.804741321262397502e-01
1.324240240071210550e-01
2.074843745279282836e-01
1.248918876227161738e-02
1.794958174078779001e-01
8.863746585092599495e-02
1.004233557938369326e-01
4.534416137978930506e-02
2.521236323069735441e-01
7.113176047634554855e-02
1.119412131210189253e-02
1.055007593784570291e-01
1.522065179182638950e-01
1.772911823924281094e-01
7.456636717842038409e-02
2.222698538411799901e-02
5.615379466082633109e-02
9.126304474674364065e-02
2.079918018820003586e-02
7.593423801520862021e-03
6.009454021358502651e-02
2.469097816721611133e-02
3.483192612913801889e-02
1.432981871940364541e-02
1.388675636564272800e-02
1.372689131171240910e-02
1.502883904334476606e-01
1.091157321894198617e-01
6.168196322517042335e-02
1.031710841495923070e-01
1.923170219834013928e-02
3.964798478962424516e-02
3.153621090965957191e-02
3.550811993171363312e-01
1.121411449648996861e-01
1.543658137032389854e-01
8.230442329897820486e-02
8.834479038135639728e-02
7.953949179276871215e-03
1.475676085557185539e-02
9.525332734797499479e-02
3.070473733953365050e-02
1.039391581615425365e-02
7.363421248009217879e-02
1.174066534682643471e-02
3.471065328232238872e-02
5.643811384270586151e-02
2.188557632959464705e-02
1.462088532453025835e-01
1.582539655083141650e-01
6.490402790862424831e-02
5.712506364640029116e-02
1.029727760741725728e-01
4.922461279545656265e-02
2.257362345034062852e-04
3.244807822290409760e-01
2.206393246610563463e-01
5.225721138926375797e-02
7.869878274187619427e-02
1.899148079405956202e-01
9.318191682905525852e-02
9.341850515512711839e-02
1.487240480205840980e-02
1.605167636080520599e-01
3.051720797731288966e-03
6.046089714345762728e-02
3.578781983952293300e-01
5.792364169598971518e-02
2.903755666508991626e-02
2.341640072572981346e-02
2.518095959131977923e-01
5.318993251197515204e-02
2.698405135346443329e-01
1.333362004498970556e-02
4.378473638167008214e-02
1.965626733215565525e-02
3.743529249212327326e-01
3.893707628885441363e-02
1.966675103110203660e-01
4.463758977317088678e-02
5.855474746301450595e-02
4.795476135800381262e-02
7.307063082633188933e-02
2.383261369273509053e-02
3.085828748539787281e-02
3.249982100931283480e-01
1.300877164512324879e-02
3.701909687875475086e-02
2.095163796278133941e-02
2.482206314342847164e-01
1.167543187872958632e-01
3.556639978411102465e-01
1.144436400057866066e-02
1.572902257758896083e-01
1.781911259510823020e-01
2.185722202634505021e-02
1.073090487874854282e-01
2.782276171449880875e-02
1.574727092665794137e-01
2.105647437235435293e-01
5.728109700547188293e-02
2.174169921666132543e-01
1.304622133510188742e-01
4.075309321362293596e-02
1.229164331968871648e-01
2.467264065704177778e-01
6.118832053200108645e-02
1.427548808952169672e-02
2.727955769484374793e-02
1.403873534995820627e-01
6.242058043326037531e-02
1.261022423930281688e-01
2.087336795501976497e-02
1.914085340648512615e-02
4.619862863886356474e-02
2.035225556401670244e-01
1.752849501811027874e-02
7.592586384861663151e-02
1.904444281330440192e-01
9.609590031892147055e-02
1.055128279908800620e-02
1.313588768947613616e-01
8.907656697977799076e-02
1.539777336121669893e-01
1.042744478588275570e-01
1.093929172354470430e-01
2.828530844166324970e-02
2.606835735516752767e-02
1.498023984149996213e-01
3.424873037683557886e-01
2.020166655983750628e-02
1.976130481869474431e-01
1.366716106057869022e-02
1.255723979205193852e-01
3.735622707669546821e-02
9.249062111319109047e-02
4.314682921905701324e-02
4.525916678053032069e-04
4.078973295900831936e-02
1.800840137469264871e-02
8.090873797279338198e-03
4.958899445428897046e-01
1.614233035634096980e-01
5.876998020722741523e-02
4.518454539908075412e-02
3.154375181009026752e-02
8.167588442725857989e-02
9.694827931857684378e-03
3.382490083700195327e-01
5.322505983400825126e-04
1.637505203417027877e-01
1.141366800003641713e-01
2.504224604233112536e-02
3.522165192507869386e-02
5.385066636971453935e-01
1.319139553985265167e-01
5.873958819276675625e-01
6.046463902353576420e-02
1.674588000607447891e-02
4.927520090552511139e-02
6.975258768350035832e-02
1.804928457458107247e-02
1.251332201835906599e-01
3.643152120350236223e-02
1.877731315051005614e-02
1.355886575782255521e-01
1.041641736874738822e-01
2.551842861205947943e-01
3.933591473247667787e-04
2.633506368662507646e-01
9.388386505757945200e-02
2.634406473022128659e-02
9.400651146005031822e-02
1.233443555918815326e-01
2.311160434004465303e-02
1.850536766531431232e-02
1.124679433785058386e-01
9.362132683818337464e-02
5.460548676143357760e-02
1.643619033162379553e-03
2.023378215069252806e-01
3.794618434804963303e-01
1.367668450306011065e-02
1.269253152990973965e-01
2.153393745245484655e-03
3.656930836656564487e-01
2.056013306849681088e-01
8.208976898556671897e-02
4.160258625504722335e-02
7.622161785717863902e-02
1.604142026423717102e-02
1.524125307405322927e-01
6.063204892090093626e-03
7.076950106379385763e-02
4.828389356441204483e-01
6.579227558692671285e-02
2.109826142913750202e-01
1.256361465500302043e-03
1.038424650409668221e-01
5.178508716830511338e-02
3.715446352798323221e-02
1.821078725462206283e-01
4.264189714881665427e-01
1.993971342322305718e-01
2.969811476094819103e-03
1.656850641743858599e-01
8.763622929309670961e-02
5.746880870622309012e-02
1.016373835954862727e-02
4.349841831659889517e-03
1.543542988801456517e-01
4.694008329183838035e-02
2.885842604493512042e-01
6.094871609788352074e-02
1.610595823310380847e-03
9.966902946649974782e-02
1.337652053385842699e-01
1.707039353368817666e-02
1.519701367509659340e-01
9.864748122565458657e-04
4.901401682684086714e-02
1.368161377691125280e-01
1.841314750395951771e-01
2.600732632140717038e-01
1.667369087136897354e-01
2.710566606440496795e-02
7.544710771581815412e-03
2.487423557148191466e-01
1.219947513256707944e-01
4.774146531794121184e-02
2.100355703515151620e-02
2.783805690480232325e-02
1.106107738233002707e-01
6.853350558748885768e-02
3.941799855765103916e-02
6.560445046827735952e-03
8.018867357982897501e-03
1.383604053994233751e-01
1.015282400629591991e-02
6.188031240378952247e-02
1.472774885125461564e-01
4.257620280362164888e-02
1.191776437188307031e-02
8.048252761516787313e-02
3.816298181521785016e-02
6.388539770290171949e-02
1.315805396536613436e-01
1.129693034457232743e-02
3.866135428617274716e-02
1.877010873029492655e-01
1.427402680827127290e-01
5.884807222328574533e-02
4.333525895302598081e-04
5.531073401745259521e-02
3.048053734023790096e-01
6.771857452730416227e-02
7.714237482126892753e-02
6.018539341282774444e-03
2.814854478247315328e-02
3.392369524088020144e-02
1.371292291981737466e-01
6.685113943997336803e-04
3.661198873019983185e-03
8.391162969211761469e-02
4.303118870880120322e-02
1.031207172648026214e-02
2.248978657050795249e-01
2.468703467073700419e-02
3.637716765917672901e-02
3.743180013802457906e-02
4.810622561468028136e-02
1.084745258723559397e-01
1.004485891002798587e-01
4.151923883703325657e-01
1.253967879856254519e-01
4.487883728318594473e-02
5.627755002614479723e-02
8.230386553472712752e-02
5.855968656394836686e-02
7.617242494616580095e-02
2.663040182727560712e-02
4.072879870046254396e-03
4.576623590997369595e-02
4.205232962739119396e-02
1.013144353773334505e-01
3.141320255718128493e-03
3.060973200742006517e-01
5.048334425895152633e-02
6.993309542555957437e-02
7.146301521054602979e-02
1.820884350033452614e-01
2.752358385653048967e-02
1.570853301361405940e-01
4.522031453594021477e-01
8.609607189645290815e-02
1.787596751402713985e-02
2.330610876778916717e-03
7.885808105980025851e-02
1.526203940955468408e-01
2.865472175409391684e-02
3.529390484538017653e-03
3.959914942376049907e-02
2.132644146970521515e-01
1.066635714499067078e-01
1.179252658964342025e-02
2.215334663986789077e-01
6.444729971254752054e-02
1.115462582639395461e-01
1.083718912771645115e-01
9.515492169950988399e-02
3.080203815564539621e-02
2.036890269855879121e-01
9.224124226069552179e-02
1.333084405458966060e-01
4.659345299950436517e-03
8.543530209913816065e-02
3.965805212548281777e-01
8.512048697021207255e-02
1.588637637043454898e-01
1.083930004530745950e-01
2.444035322977933591e-02
4.905385011941273271e-02
5.758755369451112188e-02
1.777253787766744711e-02
5.426322406597560571e-02
7.884442848258826908e-02
6.251328981828917219e-02
1.484634205631294723e-01
7.178159297763196667e-02
1.741780377793054543e-02
9.638278667621036702e-03
1.436377668029049405e-02
9.058823074696287225e-02
2.768951797615359575e-03
2.979854743830221558e-02
1.622282433215441536e-02
5.302962903266547623e-02
3.038588518465616950e-01
3.292979605513853165e-03
9.137255606362525151e-02
1.720758033341565074e-01
5.479616361216722853e-03
4.023752796890643357e-01
5.931599429229457432e-02
3.600924655480015196e-02
1.073072130822026174e-03
6.437882997953078834e-02
6.812167958798218126e-02
4.877955177216634908e-02
7.999196215989147485e-02
1.826783563673161541e-03
1.511348517067803432e-01
1.174170890629259029e-01
1.419792305406449573e-01
1.150090033182940867e-03
4.978728573849627859e-02
