2.030933022755803119e-01
1.794565683976713788e-01
1.664352151460242180e-01
1.801755045518882992e-01
2.577509139785779876e-02
2.091407907464815086e-02
2.071981078690330047e-01
8.319747141102025456e-02
2.522977452200927395e-01
1.241383615766892823e-01
5.688179412967117599e-02
5.400512926200441433e-01
9.263627228062540353e-02
2.750762087943712242e-01
3.517879608992728890e-01
2.446843930441271187e-01
1.442426882517718334e-01
2.707875366037795217e-01
2.583916023695603456e-02
3.657606597415143934e-01
2.595835152385431721e-01
2.604927194720433326e-01
1.147224321943279279e-01
1.205102128708770287e-01
2.017634561808173688e-01
2.466523444767030337e-01
1.591426570257176432e-01
1.153273017860881738e-01
3.380087428827949214e-01
2.276228510103936731e-01
7.854872235251567081e-02
4.137860678418975313e-01
3.064715474702437437e-01
1.205666979627337404e-01
2.152964975327777142e-01
4.096984806349315278e-01
1.466273939085667721e-01
1.086662269597469116e-01
3.422060847391531491e-01
1.635414801894466141e-01
4.595176385082735959e-01
7.317579080596631202e-02
2.258658966280266689e-01
2.612492160420908371e-01
3.904408810032911070e-01
7.474139414150259009e-02
2.373525477052770560e-01
1.286205702023117403e-01
3.896912008825577090e-01
8.825894787728072455e-02
1.897546526378722787e-01
7.953856253811593391e-02
1.285540343195463453e-01
3.522418642655453791e-01
5.431269196442222585e-02
1.005750662983064397e-01
1.977152740409550136e-01
1.149131354804274613e-01
2.144003424921717971e-01
7.113132347441890324e-02
4.298855545123509980e-01
2.545534780507466288e-01
3.588777716187281364e-01
8.247973317732298915e-02
5.269955492812286035e-01
2.054586705142249503e-01
1.640466407247997971e-01
1.834556830557947382e-01
8.896727872139986726e-02
1.577781874691916719e-01
2.839571702503518313e-01
3.233900090448920683e-01
3.217205914283526869e-01
3.370973076681101910e-01
2.564201001662325674e-01
2.221813415511936923e-02
2.525234093640120192e-01
3.634528684001206988e-01
1.460418946964597009e-01
4.344816323140991421e-01
3.335530688316053899e-02
3.520814011932754672e-02
1.463682166832779297e-01
4.944283042668873307e-02
4.661018014908216434e-02
5.265090258961871994e-01
2.243366772847898982e-01
3.318520253740404602e-01
1.889671352505385427e-01
2.335595518889233696e-02
8.228905913940942618e-02
1.839295910346216978e-01
1.872525725392831242e-01
9.422987928797196822e-02
1.480638967476328449e-01
1.071593173663123733e-01
1.193348494756510947e-01
2.738825816607750041e-01
3.284491848148276549e-01
1.673119660815369780e-01
6.906664009868028475e-02
4.891574170971296764e-02
1.082345908434002579e-01
1.848941418013132498e-01
4.193250944173742001e-01
2.264228665148000919e-01
8.119177250933647116e-02
1.229145230540435868e-01
8.229944920792442442e-02
3.106011563185694380e-01
2.189469262567955710e-02
6.539398529420345496e-02
1.036210066814862163e-01
9.696318863023681289e-02
6.170012281470992344e-01
8.169557302549462774e-02
1.076464828843218258e-01
3.544989252389285639e-01
3.446261538040171768e-01
2.025597211564226230e-01
3.717871117977469275e-01
1.936118306880575402e-01
6.452693465430127395e-02
2.399588563550884013e-01
7.222063317891769252e-02
2.321774396938751372e-01
5.009750398566543694e-01
5.125875563091782106e-02
2.614813389687396517e-01
3.992663922647518016e-01
4.076214028272752699e-01
2.477686149057131415e-01
3.223735627362144252e-01
8.020352543772163445e-02
2.641683423070383396e-01
2.809672310825286901e-01
6.777854318208825779e-02
2.526188381780365977e-01
7.612382790272514965e-02
1.573911144962472086e-01
2.698536665349670072e-01
1.857937570648932057e-01
1.868556076839905655e-01
7.354815523126122245e-02
2.059805045895278242e-01
8.753772195844500281e-02
1.330180166808997422e-02
1.510173172005667697e-01
1.317251599249806560e-01
1.733527561791356475e-01
9.274405529438042861e-02
7.572536909382279746e-02
2.678335556586685651e-01
1.458903379997789906e-01
7.869443013467358750e-02
1.265600838522455973e-01
4.373478323287195990e-01
2.800180145950350030e-01
2.825451260377425111e-01
2.858735319944074038e-01
4.137175589585542212e-01
3.372879515714455323e-01
1.305049998531922217e-01
1.020168659451714394e-01
8.924754457878794622e-02
3.933715581186617710e-02
2.090085505265880939e-01
1.258430608294912323e-01
1.271447591260525811e-01
3.265107968580740483e-01
2.400841825586945422e-01
2.014554242836469333e-01
1.233499938920711581e-01
1.161626354878994988e-01
1.029597312769021528e-01
1.312943460799827489e-01
7.837714196675871214e-02
1.205821236558087678e-01
2.838526885963237323e-01
2.602182914207319953e-01
1.293373580173270421e-01
3.684231930984915859e-01
5.473324422315026944e-02
2.163672782420779095e-01
5.077501512630671066e-01
1.743518756883259968e-01
3.572433491774218428e-01
1.502817077471502866e-02
2.331213611352838666e-01
3.474891499294827657e-01
1.485643420655496094e-01
2.214917815960649738e-01
1.140332874657756373e-01
6.756159607586054161e-01
7.966990473682265816e-02
6.689325011682474564e-02
3.016595752688404075e-01
1.549596536137950731e-01
5.103717457404061131e-02
2.008083735562324890e-01
2.226773159142369785e-01
2.255267908941871180e-01
9.329201735792111774e-03
3.197875042078588415e-01
2.980210536421576406e-01
2.222590398971679149e-01
6.436836949768912075e-02
9.339329877028834659e-02
3.584320736132463880e-02
2.003258352714954449e-01
7.671133132919065456e-02
3.219822875901600101e-01
2.345161603064469247e-01
1.250167067600290449e-01
2.560269093958999487e-01
3.246127645664510508e-01
4.299030830520516600e-01
3.187071363574957572e-01
1.223455280858237598e-01
1.926047475017825805e-01
2.005685914265668279e-01
1.636006715739002360e-01
7.426267470307484908e-02
7.351994635714981241e-02
2.631578844287911778e-01
8.600348818289008102e-02
3.236871189029176810e-01
1.847315001403461165e-01
3.331814505643493352e-01
2.070722288120616372e-01
2.251940464921929896e-01
9.407856152064228428e-02
1.722493732545925527e-01
1.844088780401383909e-01
1.575603019731499910e-01
4.243237371372662881e-02
3.496735240236343856e-01
1.562262512305722939e-01
5.113268057927476962e-01
1.298124800429023284e-01
3.114770393194858933e-01
3.947122896344667370e-02
8.697026131101853394e-03
3.357840660045086079e-01
1.546287274816239288e-01
9.270776446480732957e-02
4.965535168299063662e-02
1.808508389296530350e-01
5.838935197277150130e-02
1.187608546594150494e-01
4.107846816433710635e-02
9.817260796108084886e-02
8.818811641202220497e-02
1.790682499188588350e-01
6.606025134850687097e-01
2.049822243778864628e-01
5.927922881546705824e-02
5.246346980879883493e-01
1.638009571666216857e-01
6.238915333853115031e-02
9.212393703224325270e-02
3.507774677836662525e-01
2.251175849829393227e-01
2.352016374921691855e-01
2.947303932836083940e-01
3.011544355221973043e-02
4.911139528045284364e-02
1.031872451805453395e-01
1.176313469485832652e-01
1.372832841798430070e-01
7.320310772617354134e-02
8.261568050520100293e-02
5.172869227821353943e-01
2.895423472764543579e-02
1.941127019154862965e-01
1.193786368182909174e-01
1.848095356143832912e-01
7.610573314663093836e-02
2.126652888547605480e-01
1.645508472640507536e-01
2.203649802794160895e-01
1.194666205701366696e-01
4.141513582109106473e-01
1.581877703916089173e-01
1.205596122336943382e-01
4.966282225103475778e-02
1.124289605089170974e-01
2.274039983778754215e-02
2.656045616478809324e-01
1.068709523196250538e-01
1.189889734446490377e-01
3.393009295850220042e-01
1.590449444168694493e-01
3.117711762812114262e-01
1.805815015969618464e-01
1.805353622592119067e-01
3.335265743753402790e-01
2.353580346335133189e-01
4.585199729519524592e-01
2.999945501202507803e-01
5.328747889855417474e-01
1.136084016172402289e-01
2.296862268722592304e-01
1.199037888350450026e-01
6.710302615771242263e-02
1.878567322922282123e-01
2.344534567037261930e-01
1.317526330521544276e-01
4.579413069685436821e-02
1.776119764062221093e-02
2.208042564973195787e-01
3.343431613582876771e-01
3.541939354979326549e-01
1.138404482050790895e-01
3.620170492712629917e-01
4.929208968308469441e-01
9.888318602176732197e-02
1.827385826327259100e-01
1.112629458945611910e-01
1.718216264821880168e-01
3.197954859083872170e-02
1.459287806199639770e-01
1.167818532981503010e-01
1.412048091360348090e-01
1.410339321034935478e-01
2.929449281598560106e-01
4.960835870310077722e-02
6.534733606572050435e-02
5.341096679417381976e-01
9.539509209559843272e-02
4.249326679620283875e-01
1.048629683963426262e-01
3.013848501675977509e-01
2.516115790296371557e-01
2.862843288684743803e-01
2.474062260781416112e-01
2.389642187904490178e-01
3.034354393893340385e-01
9.979762344461684531e-02
2.031419925297311968e-01
1.011195028662088130e-01
6.506757888765184183e-02
1.168533958126748706e-01
7.155636813312499234e-02
1.142750394997344848e-01
2.998966157412001898e-01
1.446395654210048676e-01
3.611483564591172479e-01
5.536441773947097661e-02
2.417516455469032322e-01
1.376991751344840142e-01
1.582896485181656265e-01
6.759566654035812326e-03
2.949112138315578280e-01
1.160321971160432342e-01
8.079360828653245341e-02
2.358920031644434756e-01
2.227915538633321729e-02
1.050761466393542592e-01
1.480786716326737973e-01
1.103008416688086232e-02
1.137265138804272047e-01
1.347465855342565577e-01
1.916875467214405604e-01
1.996560363772054147e-01
7.908184568261339420e-02
2.381693587634962084e-01
1.435497342248800157e-01
1.170411032608496549e-01
2.808003011843935304e-01
1.429382897234806986e-02
1.360584821982586679e-01
2.447231153439461959e-01
3.912214901704219594e-01
4.492429336287145358e-01
1.144065845950151816e-01
2.516596688671147719e-01
1.337494334598846590e-01
1.492090278314571472e-01
1.084827114833211703e-01
1.309298528748226442e-01
2.387666542258252977e-01
3.049612006812355003e-01
1.326235410780382262e-01
7.367040993839289731e-02
2.010820825169963022e-01
3.070658276270091247e-01
1.063831647562847177e-01
9.111358969065425084e-02
4.594824546723808578e-01
1.863439163241221719e-01
8.530084839055090962e-02
2.670517952302347564e-01
2.284292018755775810e-01
2.006578611302473891e-01
6.477796735136281958e-02
2.382777265599973215e-01
1.544780854140108683e-01
1.411722815179917712e-01
1.652482620341240091e-02
2.205967703607005781e-01
1.128916728184501256e-01
6.059937281502331130e-02
1.179387185011907535e-01
8.625206485305747517e-02
1.331637088900297916e-01
2.307651991310588624e-01
6.646323503213000805e-01
2.858854503956306248e-01
8.036998919925866791e-02
2.137480821297544908e-01
1.783916168890006815e-01
2.703627495460467905e-02
6.774636823773395877e-02
4.559385891147414438e-01
1.798017284931542337e-01
4.787505729966666235e-01
6.176293053883568501e-02
2.940830408999836609e-01
1.501212370795176332e-01
4.217747838292651430e-02
2.924384684864184680e-01
2.610806653794727761e-01
2.652482735405500280e-01
3.297512320189988078e-01
7.957740733746072881e-02
1.522829707384384390e-01
1.954342657925072224e-01
1.792031876242178856e-01
3.793076254355444155e-01
2.354484296229304024e-02
5.442518570064750483e-01
1.764603527194295030e-01
1.100777947144613994e-01
1.329863227549968607e-01
2.959671231380346934e-01
2.067964550886878805e-01
2.124638617343944935e-02
1.964185178467253712e-02
9.714381779177444498e-02
5.479079708433608892e-02
1.512170022421105153e-01
3.346202836288336702e-01
8.721430474544104028e-01
7.507203471665685468e-02
8.197091912215914711e-02
1.482021258656976426e-01
2.630959396054519117e-01
3.216789340692882693e-01
2.141457657112359747e-01
1.714806395160106689e-01
3.891528407048164828e-01
7.917054584796782979e-02
9.489863894836314540e-02
1.727370028183454198e-01
1.153804354360394718e-01
2.942575092009653837e-01
8.868105406069293206e-02
5.468965176240547788e-01
2.512323371490610135e-01
2.054247761489104984e-01
2.847166030701172024e-01
1.916720317105542470e-01
9.476005401329315458e-02
3.516026237225018392e-01
1.239090079246642911e-01
5.414044806911614272e-01
7.815711631659957859e-02
1.485074172073442278e-01
2.782428033159748959e-01
1.682424614850265843e-01
2.471269417545529645e-01
2.729397778113087925e-02
3.825303063054599217e-01
1.080191822580698346e-01
3.666412641049849874e-01
7.428923866826225852e-02
1.553604040225941840e-01
2.612049013782895002e-01
5.380383986053943052e-02
2.054183541576939942e-01
1.451357188848955149e-01
1.899393990953298084e-01
5.036470277261989592e-01
9.087271688933010183e-02
6.278382025937666311e-02
2.469889913081430022e-02
3.633120667987287805e-02
7.640262092502458913e-02
1.231715406729757822e-01
7.801775904889067526e-02
5.391203844052860211e-02
7.790342382334594640e-02
1.825459750741870724e-01
5.812871940604170951e-02
1.819036322045569642e-01
4.191249956913333796e-01
9.211960455184292629e-02
1.906185580254499135e-01
4.759099341251826765e-02
3.190605997153342366e-02
2.424574520461064697e-01
1.914654056971728524e-01
3.352953084539633810e-01
3.636381475095556981e-01
1.243139408891623665e-01
3.429380586857571078e-01
1.605537068991944039e-01
3.089325841115606597e-01
1.198943978843127200e-01
3.014410369083094787e-01
1.492964119228069597e-01
1.010543747127862074e-01
3.066353643230347870e-01
1.368264423047155509e-01
8.239749444302545134e-02
2.226633798495182559e-02
3.142443316936410075e-02
3.742930902383314468e-02
8.593798515905570756e-02
1.473773565376640671e-01
6.114021672642149241e-01
5.445883836471735462e-01
5.211553781660150930e-01
1.138389495706548654e-01
9.186431172342439042e-03
2.050641171993398126e-01
3.767115435264030143e-01
1.073864309682081714e-01
1.212302345898791933e-01
3.740594743787071241e-01
7.765639067403803941e-02
8.965949436081238622e-02
1.443635928721111739e-01
9.033727266464280925e-02
3.740841885317577331e-01
1.774627428567603915e-01
1.161704374824570202e-02
6.171097992721386039e-02
1.057859439646882393e-01
1.858772952910095477e-01
9.462925530708432564e-02
2.012401262999348739e-01
2.755268565577291551e-02
2.880109202495937937e-01
2.000348967933012756e-01
2.058294497434845494e-01
1.363355751366770174e-01
1.026292751728301034e-01
5.009103499313926067e-01
2.923778789130104250e-01
2.027368811123859416e-01
1.270899399922107154e-01
2.195539695895544485e-01
1.026488000619565216e-02
1.399716642929172694e-01
1.429243444637436633e-01
3.489158789709499997e-01
4.158691893765216196e-01
9.876559088869851788e-02
3.665263862055360145e-01
2.379270056345636208e-01
9.567653498681594204e-02
1.488665669477766407e-01
2.984886532746442445e-01
1.183489165656283620e-01
1.221086671909492050e-01
9.602532338090427610e-02
4.916420113717323570e-01
4.261405108795968122e-02
2.545741073763183593e-01
1.474281173819543544e-01
8.449878368900234915e-02
5.000183650943412078e-02
2.716187352547356215e-01
5.344767310824945217e-02
1.287006956397717394e-01
1.239201313798356241e-01
1.008546985060602419e-01
6.800417990091132125e-01
4.062180286933082529e-01
2.962541276811997970e-01
1.415643537591455003e-01
5.854335797776436534e-01
7.312358608489860634e-02
1.364750471377101648e-01
7.477484499350903202e-02
2.170984884206625942e-01
4.018571885415604950e-01
1.864549324066548941e-01
4.174010914749202161e-01
3.646932163497259571e-01
2.656402473829768129e-01
1.776105534695956445e-01
1.737587078136194063e-01
2.256225686474330472e-01
1.522198880000640020e-01
1.572492246417445116e-01
3.208208984108844031e-01
3.164510436482386169e-01
3.749523029248005151e-02
8.339147059426421649e-01
2.657489239535025249e-01
3.283829274192363867e-02
8.028327867787221628e-02
2.506123754314971697e-01
4.833606108417588809e-02
5.907473602423538722e-02
1.247355742294298797e-01
1.987940645146051288e-01
7.637408486944040342e-02
4.438601174280948358e-02
1.009962872430889141e-01
1.644223952186526505e-01
7.802764289985979207e-02
2.091434107372590057e-01
2.365296363636153198e-01
3.804060149166390570e-01
1.243001080332384878e-01
5.023345604744047788e-02
4.901105421787984584e-01
1.801544110392820919e-01
1.470660387060797603e-01
5.303210092461940750e-02
2.939512148489102361e-01
4.590147699501199163e-01
5.171390243992342317e-02
1.292803923942801025e-01
5.371631753931432190e-02
1.175878197534870745e-01
8.151527197139272207e-01
4.650535925949764726e-01
7.285177759725638968e-02
1.937183725927565936e-01
6.819598210977277641e-02
2.347576720974692555e-01
6.009717030111002556e-01
1.679052573132843729e-01
2.203315408401639031e-02
1.269525200086734917e-01
3.321394042806470881e-01
1.501436446992379659e-01
7.657748737786396198e-01
1.064204231839827319e-01
1.483159792355120687e-01
3.879939750275225585e-02
4.169321388583962507e-01
7.364184811071963765e-02
2.100726921910167355e-01
4.200557874966959204e-02
7.470038216575930479e-02
2.358234146830688049e-01
7.920837935361635385e-02
2.624293133361885189e-01
6.386532746656024828e-02
7.829089254013543719e-02
2.810128745663585947e-01
2.278554862567566952e-01
2.024543571891787019e-01
2.867670859933862393e-01
7.354119995044315627e-02
2.169676658719263684e-01
9.891403629495751360e-02
4.559991072812148438e-01
9.649362648759901573e-02
8.957122080652477059e-02
6.433090217373541031e-02
1.795114700390067486e-01
1.694755607914023576e-01
9.691160622336303376e-02
8.745829808938787586e-02
1.281650556637190241e-01
1.470019148143796861e-01
7.791270701040323154e-02
2.055341844254263417e-01
4.252014795043598805e-02
2.304798026896227037e-01
6.518607542390921772e-01
2.054827391299706429e-01
1.689377231791774348e-01
1.294440947220910354e-01
1.713736972567300731e-01
8.648565323775558866e-02
5.761417651785319949e-01
1.487498448140628197e-02
1.231690183411856820e-01
3.269398751652701773e-01
2.247061202331679941e-01
3.441675577033290745e-01
2.159982410601444802e-01
1.805984682470465619e-01
2.644428289396356935e-02
4.398074928935167272e-01
9.540391106096368645e-02
9.540503263904845377e-02
2.194171623004389782e-01
2.024211255989436242e-01
4.473602823037493847e-02
8.987517840472858399e-02
2.930819338835394805e-01
2.642231013479021118e-01
5.019916509831323648e-01
1.486561986747494124e-01
1.125905235939268362e-01
1.305815555359391145e-01
2.727997953471263393e-01
2.762151599947782615e-02
3.677367373154786373e-02
1.730964669569075021e-01
1.020585387507479541e-01
1.524044888043531443e-01
1.307722963745620859e-01
1.007641114092150958e-01
2.388760682368858412e-01
2.327109241186337829e-01
2.869939455158551089e-01
9.203751758637915281e-02
1.651134345697530259e-01
1.742927473399331628e-01
1.254600091012059992e-01
3.110279790534549171e-01
4.908180022311775526e-02
3.973527040058448812e-01
1.556548087022410209e-01
1.319627472915957112e-01
3.214549762073480865e-01
1.616729714712563382e-01
1.681211172392046427e-01
2.074355735380824517e-01
2.494540508304056992e-01
7.303856194729266282e-02
2.033007876436896399e-01
1.948493048545992257e-01
1.058176789513597255e-01
1.064173797374240449e-01
1.349216049928328165e-01
3.580744453248380088e-01
2.409854346021726157e-01
2.355511230996670813e-01
2.961238162734845525e-01
4.767374118603737165e-01
1.241861212938540487e-01
4.486535913152438493e-01
3.435087388301091837e-02
3.569954816461616831e-01
6.127102823496292233e-02
3.012532712765131904e-01
3.492118338531618321e-02
4.956719127478623199e-02
2.777546369592991116e-02
2.507823851659404801e-01
1.469741862829691305e-02
1.012163000600722618e-01
2.548896996206250765e-01
2.522289734953603868e-01
5.605543568009819788e-01
1.156595036646333452e-01
4.858148992348838013e-01
4.786520424242068916e-01
2.893396682877110715e-01
1.313387729055496833e-01
1.621144692352356476e-01
3.211014441628513016e-01
1.040370595265786291e-01
8.129527341430270448e-02
1.772573706833443508e-01
6.040590269469930940e-02
4.256905547917180788e-02
6.763444456900218060e-02
3.772272995160166342e-01
4.667712391192201105e-02
2.012003314784336083e-01
2.978836015902592282e-01
1.155236666645566290e-01
1.142213547579243038e-01
4.390153835385261494e-01
1.707619764279764696e-01
2.766492925275643167e-01
1.136052739645176113e-01
6.035352025620628613e-02
2.350794040866368284e-01
2.623803648249041220e-01
1.182157126710261380e-01
7.334406286354103188e-02
1.369480489786756294e-01
5.259794531113096694e-01
2.489115647907542694e-01
2.364213882813830103e-01
2.600541484023643490e-01
2.100921281874343904e-01
3.618144984978479695e-01
1.075895149972436737e-01
3.062213326763406351e-02
5.847871436672818363e-02
2.184136717238133185e-01
7.665098851784352130e-02
1.375938200960002689e-01
2.810632718966745713e-01
1.329694626075933472e-01
2.282612991816739823e-01
1.031439088181929781e-01
8.390828564812816137e-02
1.642378670076636293e-01
1.946693386230384792e-01
3.174050422209193645e-01
6.094595923987738972e-02
4.052255429004104070e-01
7.459910538804702396e-02
9.512397912917355813e-02
1.818345277176407482e-01
3.530308444179816041e-01
3.005968793015825757e-01
9.901663472317867587e-02
2.280586109668736317e-01
1.635850069313124142e-02
1.136038614986191880e-01
1.414925199900936015e-01
1.712544528776527297e-01
1.079984378727251448e-01
1.159852898049792275e-01
5.551248186536249518e-01
1.174405171204987025e-01
1.462741538633333949e-01
2.820561476866575989e-02
3.573703076162366710e-01
3.440184224689781800e-01
8.486669745751429517e-02
1.856857367241853685e-01
3.411517841076792956e-02
2.359958566671691294e-01
4.490933067401943757e-01
2.700603495543524857e-01
6.034447343916393702e-02
9.205254711995025652e-02
4.171290619327437665e-02
1.215892275431474517e-01
2.178590705061337618e-01
2.085575861666766340e-01
2.880226476025113391e-01
2.942055233972176165e-01
4.705944134271481949e-01
9.590778467694816012e-02
5.013019047283440166e-01
2.674068365753649867e-02
4.240784159832359790e-01
7.311759660085985491e-02
3.987645581600182121e-01
1.865969094054367172e-01
2.070373343485278628e-01
2.291101640929397998e-01
3.124925438408679979e-01
9.908509985510022267e-02
7.468648069245552301e-02
8.469124136979885864e-02
2.942156377393007616e-01
4.088863386521607857e-01
2.207845728767769966e-01
1.489392306822781842e-01
1.672267754635654580e-01
2.690356065653078388e-01
1.572846903643989602e-01
1.407152590557643745e-01
4.182345415382847098e-01
3.384418508201232634e-02
4.753473843338218430e-02
2.045888319932241961e-01
7.415071779143174169e-01
1.385367939491797262e-01
2.532216099937582565e-01
1.145198494081872964e-01
1.012809924934697348e+00
6.485881140769415854e-02
1.591921849648853804e-01
9.309226156178587730e-02
6.863989093382498463e-02
2.938759889989034924e-01
2.882819026346841174e-01
2.723179197935491347e-01
8.324880152808657174e-02
7.196190815708446153e-02
1.431355242093288738e-01
1.071172058844725439e-01
1.013238404140105048e-02
5.540436190447500103e-02
2.146331501135307629e-01
8.970226342597534264e-02
4.018271646828653482e-02
1.347043578303430134e-01
3.930739356541144147e-01
1.551844844933024659e-01
4.092468609785307465e-02
4.233956589908210444e-01
2.378226969140284364e-01
4.514753674323173094e-01
3.518042324072954141e-01
4.421931938745856105e-01
1.721570064503238351e-01
5.322223525215123985e-01
3.545228044084283159e-01
1.925239394327104558e-01
2.976191732758027841e-01
3.402918769080007788e-01
9.311072013862933816e-02
1.775934479414646994e-01
1.481014452432465045e-01
2.424042528785766981e-01
2.518468335745687944e-02
3.974834796166747397e-01
9.591708988977271089e-02
1.036145347617028617e-01
1.981660934771879434e-01
1.086027236932910478e-01
7.596266785372085550e-02
1.690089081634846835e-01
2.708502158491700729e-01
4.277074016081845731e-02
1.278001616329888235e-01
1.356186319163394660e-01
7.924312771855007709e-02
1.226960611813475294e-01
1.844988714785563699e-01
2.884745692228955494e-01
7.492692653798579960e-02
1.725089319293733325e-01
9.964213467526109036e-02
3.332654542669614695e-01
2.064292360069265309e-01
4.891089471907564268e-02
2.840657642900103474e-01
3.893152551955620932e-01
1.200004715363056501e-01
4.009046230758598894e-01
5.368586277601050671e-02
8.945959328269675881e-02
1.068627748225951940e-01
2.484119416392480129e-02
1.917458865551031622e-01
1.708529848041449029e-01
1.325123530248523696e-01
4.123134326840104114e-02
2.665366179004384217e-01
5.108750137691467352e-02
9.831331119760294834e-02
2.780188157980788000e-01
1.535726923948502534e-02
2.473346633101875802e-01
1.369968438654874943e-01
5.326979570665332786e-02
5.079194549462789227e-02
1.002634150070469271e-01
2.064887839785503609e-02
4.571621565630115680e-02
1.144701830151618610e-01
1.393505457825619798e-01
1.996181080553782738e-01
1.818525229216212402e-01
1.149357844665400280e-01
2.154778174883853203e-01
2.484265589511360783e-01
5.922316221506965239e-02
2.217948787251231291e-01
2.049717439202565217e-01
6.203358224184007258e-02
3.080942811979903717e-01
1.805909803452387941e-01
1.228958846088610835e-01
4.992323191033997687e-01
2.739260390993558669e-02
4.200698838762441101e-01
1.863122310660215719e-01
4.531115687927719793e-02
7.508564376792850603e-02
3.010291373573878090e-02
1.262830475482754761e-02
1.708751444385749885e-01
2.907609635911016510e-01
1.170337903530089402e-02
1.486218477991049780e-01
1.034216554896658230e-01
1.695593141670717063e-01
8.252769152280259313e-02
1.837310353872296798e-01
1.895184646741679968e-01
2.568871835227394818e-01
2.094133162987117935e-01
5.651849324791546197e-02
4.633384587226435092e-01
1.240497921375077750e-01
5.253453821478037272e-02
1.509412653228281165e-01
3.516313238701850724e-02
8.747316266467919377e-02
3.852201608144127931e-01
2.043501263916837896e-01
1.081268577999962566e-01
3.195521964605962939e-01
9.550599227149883519e-02
6.554517914696812719e-02
4.047322311636647463e-02
3.195393783386395459e-01
