9.846444520569829634e-03
2.869135017873018501e-01
1.063403628308132592e-01
3.595206667747514739e-01
3.216924396060615726e-02
5.888814867075032877e-01
2.486730692450282165e-01
4.329456524235208992e-02
3.090168058434060172e-01
3.273602790321432088e-01
5.751472955303937179e-02
4.056877704785782912e-01
6.776659996734361868e-02
1.695605411493343873e-01
1.487358554973075841e-01
1.451737526073378914e-01
2.540112110837385029e-02
9.882263440852800951e-02
3.269803332121034023e-01
7.967614679291597224e-02
1.502968816040412270e-01
1.655569387326532027e-01
6.357022864297272313e-02
2.965233199097366476e-02
1.610396319436773194e-01
9.398395687897062589e-02
6.884075297508294999e-02
4.230107001783318110e-01
2.636736934199123694e-01
1.706581149405825837e-01
4.055517751681822491e-02
8.058387168256464506e-02
1.151857914654577375e-01
4.147458062199645967e-01
2.319460743986971885e-01
6.915400165034339686e-02
1.039933661009744131e-01
2.053550787111325937e-01
1.858752504202039746e-01
1.144340212256812345e-01
1.419204061716090315e-01
6.843491026429106283e-02
1.842534694910533677e-01
1.661842129075676855e-01
2.859835346204437356e-01
4.079205794717217781e-01
2.232562013611866236e-01
6.779997101627986689e-02
1.145673705523555380e-01
3.592672973421388166e-02
1.192235032142342360e-01
4.134739800149183075e-01
1.005859855762021859e-01
3.896716496004193342e-01
1.437847761681445291e-01
2.134595913165616143e-01
2.040431162517847563e-01
1.952452411634388874e-01
1.620470194936735608e-01
6.806687280079147528e-02
2.803879154273833940e-01
7.055697209845955553e-02
1.276893921952894917e-01
3.904999570566383138e-01
3.530853916492180389e-01
2.379184681429721282e-01
3.713887747195544070e-02
2.599166277832143934e-01
2.618775165178676700e-01
1.221717540883441311e-01
1.008851250432298702e-01
4.764897513611095203e-02
2.956849626896409511e-01
1.628052284152577966e-01
1.135992264465916224e-01
1.348719565036337054e-01
9.583160495442544224e-02
2.394798125181807069e-01
2.509289407727214871e-01
6.658442349964365237e-01
2.280789639965749016e-01
2.665859002963558155e-01
2.374679621273642349e-01
1.414126459044895978e-01
1.497905289370717874e-01
1.035563832030486769e-01
6.791304173187148741e-02
2.336884213582880454e-01
1.061439420120597887e-01
1.926251893746082633e-01
3.126490042349934217e-01
1.553499882859452896e-01
3.264110883369073512e-01
2.258283859834950003e-01
1.288328818348198623e-01
1.714247120909384581e-01
2.992270275869215457e-01
1.779627623221898824e-01
8.122738522214276169e-02
2.151164464335974802e-01
3.280568911041379376e-01
1.041683146541290128e-01
7.604642209114070850e-02
1.156201749164413733e-01
2.998470702736582560e-01
6.572557199077436185e-02
3.410893198178117647e-01
1.728294149728163420e-01
2.559660041975838074e-01
2.028799920530405532e-01
1.299126255855049816e-01
4.395077634162780633e-02
3.022154453308849575e-01
7.619587395809965247e-02
1.786671311367338810e-01
1.478079361197906505e-01
3.118217027404910496e-02
1.355927055660931246e-01
1.698301148671379490e-01
2.585513702292735472e-01
1.053486698146849365e-01
4.728882644765068921e-01
2.192273172994629593e-01
5.440982875615912873e-01
6.715547148640499397e-02
4.319632386324017692e-01
1.001455370531060124e-01
2.710359014302148872e-01
1.157915569795045507e-01
1.911219410661257889e-01
3.609527689000098238e-01
1.712410928281940525e-01
1.614061211382326888e-01
4.369760465078355305e-02
1.723887371051773809e-01
6.394642659355125047e-02
8.898773518138061722e-02
1.375012455540982059e-01
1.868124266089796759e-01
8.636161371275991039e-02
2.767142185108783514e-01
1.365794870422787077e-01
5.362533297756033601e-02
3.245950426940464872e-01
2.763463689775836341e-01
1.535724441588301736e-01
1.518191690586886411e-01
5.239590660859058668e-02
2.856625129783649242e-01
2.567569107490654257e-01
1.181996910677971524e-01
5.695952535609016820e-01
2.170733914178592239e-02
2.124386484659601670e-01
1.811370259342978128e-01
1.340502803625875095e-01
8.201345749658771334e-02
1.656948779798561033e-01
5.046608914031280174e-02
2.121723901555113145e-01
1.074314761457125234e-01
7.385185273580290033e-02
3.583474259112153781e-01
1.931635139864545936e-01
1.049248842755866468e-01
2.622828123245805054e-01
6.994928059320473235e-01
1.611119491749657406e-01
6.619589716775507726e-02
1.931363085398531965e-01
2.355306974172065859e-01
5.471335733365043086e-02
8.327274971965470396e-02
1.465835760942391930e-01
3.328497947441007021e-01
4.188435331154791719e-01
1.545238571316299714e-01
2.441535797143334907e-01
2.493968791142454899e-01
1.573824453353721564e-01
2.280879178610903668e-01
1.926375723805693885e-01
1.059237982293111391e-01
1.346373096076112497e-01
1.296602115653214538e-01
4.901332703214236197e-01
3.858652899231037603e-01
2.428324079951350856e-01
1.163658340440359151e-01
2.653856227514715949e-01
6.192199264119079699e-02
1.437549118528269332e-01
2.275258697868280944e-01
2.252884100567369152e-01
8.370527368378374855e-02
1.135488112131310817e-01
1.254971090026539560e-01
5.909963495614783957e-01
5.987930659195864203e-02
1.909363838920300482e-01
3.777486899108948304e-01
1.359608452741158380e-01
3.453540846940497122e-01
3.282473439418582828e-01
2.659760451924684244e-01
4.575736124934308424e-02
1.590258878111694141e-01
3.043336914221268508e-01
1.452584703767535179e-01
3.419212858334772509e-01
7.020017604761703833e-02
2.551167783744367479e-01
3.946964077032103502e-01
7.022414744606474829e-03
2.363696900396429212e-01
8.305426032525567437e-02
1.124769505285167920e-01
1.576352023015445969e-01
4.774608122080088446e-01
4.354134227577750871e-02
1.230737337491039779e-01
8.409363447298956462e-02
9.258543675065036838e-02
5.593639134755098441e-01
1.007180403559609916e-01
3.882440697067469637e-01
2.390994060594882065e-01
6.883272916608174086e-02
1.520194868218428252e-01
1.172547192697095259e-01
1.449960939624021783e-01
2.149182953977841481e-01
2.444468397786966340e-01
4.158025739706232571e-01
3.915691668370164802e-01
6.468634370243915299e-01
3.212968016014309258e-01
2.501142081127955552e-01
9.549533928871953292e-02
4.659296203315135276e-01
1.736597981780213518e-01
4.689027875212979923e-01
2.433391485301684143e-01
1.414579590243907059e-01
1.259846159191208848e-01
2.196267701082039447e-01
4.317057137399460398e-01
1.883915528778368764e-01
2.492581761702358512e-01
1.933549107486524643e-01
1.175016321274645476e-01
2.309105811382274054e-01
9.425119734234888025e-02
4.104132950542097591e-01
8.186829145490638615e-02
4.147624409852252447e-01
3.994213838028953800e-02
2.241517791569238305e-01
1.434271240738275166e-01
7.038857902145677359e-02
4.785454893866421533e-01
3.214102175576508680e-01
3.683390148542471376e-01
2.212238152361833132e-01
9.189268663929583969e-02
2.468565015057994916e-01
1.487269394218818097e-01
2.559199833947028435e-01
2.104011031236429907e-01
2.897369914589053574e-01
1.803244196803239774e-01
7.835250606425858688e-02
4.628819354752997106e-02
4.445446363830857783e-01
1.562903347770880635e-01
3.468136843187871188e-01
3.314783900898246038e-01
2.367993277551946329e-01
2.865315972497654018e-01
8.409647532087366484e-02
1.292885361439505276e-01
1.916117826877911101e-01
1.178516539174744721e-02
3.626879614544861047e-02
1.728802001510122421e-01
2.887330223953720743e-01
9.593067741299315943e-02
1.160878803604326742e-01
5.315095863453856984e-01
2.996520587942951286e-01
1.492848160264053509e-02
1.440193898959781782e-01
2.398975986033906604e-01
2.500414840071011890e-01
2.058304588922446610e-01
3.822230290492333316e-01
2.746476418793011298e-01
1.254077311662852856e-01
6.448422417415757002e-02
1.355572757645386595e-01
3.125647095780508256e-01
1.580923970586612937e-01
1.994014058761026109e-01
5.084255528737039453e-01
4.864022770541857887e-02
1.166635998535926338e-01
3.218243779347114142e-01
9.003735064260531828e-02
3.353261966968868607e-02
3.011786847906390285e-01
2.865081737687457664e-01
2.371185757960136975e-01
3.554738104166426105e-01
2.641297708799943481e-02
2.756661610972998000e-01
2.165332220394035057e-01
3.105614922298039621e-02
1.331362909055039123e-01
7.573734379358104674e-02
4.864807895652902836e-01
2.918375270204890543e-02
2.004433302326816824e-01
2.310889505783493003e-01
2.138660068448501872e-01
1.344044819664664547e-01
2.929952319386033843e-01
3.061957598877233511e-01
1.519816945907192240e-01
1.050710882585715322e-01
1.688493830328351986e-01
3.352571815529631349e-01
9.502885525967630365e-02
5.744700605388314285e-01
1.239062161069962587e-01
4.604424939304670450e-01
1.544168489312471859e-01
8.968477427556428849e-02
4.216322383897191939e-02
1.686286414256081834e-01
2.794645757710814693e-01
3.651504500814669596e-01
5.888918570492188698e-01
4.223847672171311685e-02
2.850861833514453103e-01
1.963281961421264321e-01
4.051341727907313284e-01
2.228113579610543349e-01
4.323321749207745812e-01
2.340750116863034858e-01
1.429682610207535232e-01
1.854136133291003352e-01
1.477863510894991683e-01
8.259430761312847036e-02
1.062856201579261833e-01
1.159089600808811682e-01
7.176883993016741625e-02
8.015813524833845238e-02
1.079482108754514225e-01
1.015294143996108983e-01
1.210830713681142340e-01
9.422148753391088039e-02
1.863088254794266208e-01
1.372549316522782836e-01
1.169006600236092014e-01
2.013880138234188100e-01
2.214690443941100539e-01
6.048243837216285002e-01
2.272520697135551326e-01
2.506465732404761226e-01
3.221447115609334388e-01
8.474686632849839918e-02
1.511211716018858731e-01
1.296612421766017709e-01
1.308893816553724498e-01
7.604632702985412163e-01
3.048252158520800004e-01
2.114448565750286502e-01
2.286755525585441318e-01
1.098003754672807891e-01
6.424432797968607778e-01
1.994359766935718259e-01
3.064575679528882754e-02
1.743705030373721154e-01
6.219125936999432558e-02
1.401305719694403151e-01
2.822824530921958508e-01
1.997616799877412197e-02
4.223635928358177027e-01
3.414845040468129644e-01
1.142899127309660312e-01
1.242650677277374327e-01
9.241395557022918927e-02
1.566755217573913839e-01
1.586600112613964220e-01
4.287378837563582401e-01
6.944098856572540335e-01
2.933316090808159027e-01
2.225393813157678646e-01
1.024301253581952897e+00
1.613325415613683367e-01
1.839558179499265478e-01
1.884871806400295058e-01
1.480397719684262703e-01
1.758831372246919544e-01
3.224092596445214953e-01
3.282125895305640917e-01
5.322539306786072677e-01
1.605015779348537008e-01
5.500122960690954216e-02
2.064179654200720970e-01
1.593857856973927012e-01
7.850168654321180994e-02
1.299596495339903346e-01
1.151750659976665814e-01
1.636855065516835683e-01
2.433214846145035082e-01
2.104668430350090658e-01
1.392496702970902056e-01
2.192083876384973429e-01
7.144097034444178707e-02
5.054413332938508807e-01
1.562739647763407569e-01
1.001295576069058391e-01
1.229471792766683863e-01
2.331114665626899535e-02
1.046447508041785102e-01
3.624782477154964155e-02
1.445295076611018970e-01
2.363388185299140076e-01
3.171724175461297368e-01
6.363787300837076000e-02
3.071681340717862252e-01
4.038566122792781043e-01
1.371721421319469503e-01
2.989697216128304746e-01
3.267758624742035378e-01
3.866817136895515095e-01
1.976057808849792652e-01
3.414042790783631265e-01
1.150090777592228525e-01
7.916527165772316299e-02
2.181036634546458242e-01
3.290988050005632104e-01
3.502635197293276770e-01
2.710774055413227024e-01
4.068773038439437162e-01
2.940520854208565349e-01
1.417223115308216819e-01
3.950989385005035937e-01
9.211702451965139704e-02
1.253710658553981727e-01
8.364130845241434242e-01
9.300328234445981446e-02
1.968072437999188184e-01
9.267702791250437278e-02
7.197030799802651979e-02
2.039168692514729819e-01
3.560488356865443293e-01
2.533647623647972691e-01
1.917201177082226149e-01
4.776911114441377559e-02
2.121372658042264825e-01
2.234713286581936631e-01
1.947210577449787205e-01
1.028999128498668258e-01
5.066511187677217448e-02
2.574432807228191344e-01
5.083369822644856484e-01
2.739039695787614526e-01
1.307472242450735955e-01
4.562653558334974768e-01
1.866514392242293319e-01
1.579070608371115902e-01
3.772686544593990832e-02
1.104925636598853150e-01
7.991712585483493059e-02
1.341484742028101196e-01
1.942253564977287628e-01
5.595285645425570609e-01
1.335351713554208952e-01
3.850668034909524584e-01
1.307381824116568558e-01
3.063832419073966862e-01
2.471705102516522923e-01
2.530677830441361298e-01
6.242032061443086866e-02
2.054998115738513320e-01
4.223094459738226947e-01
8.855149248298945300e-03
3.759531510709963609e-01
1.938175056129142204e-01
2.851923182931319634e-01
9.214491287304532596e-02
9.250987994103845868e-02
3.327276145873100388e-01
8.752548044142099970e-02
1.873856876604959032e-01
2.094017445226217244e-01
2.186599064227696398e-01
1.269832267783895796e-01
6.413059678072684233e-02
9.778498755321768376e-02
4.207988548031618703e-01
2.734408971025164004e-01
2.105222213788343066e-01
3.742432691382795856e-02
4.245091756933803140e-01
1.335921639961034912e-01
1.607806647846061754e-01
3.494421540236222201e-01
2.649601804534206795e-01
1.698314604323263866e-01
7.242468291939861691e-02
3.481589075601670968e-01
1.286158192930038913e-01
1.228207682547959173e-01
1.724784342526184400e-01
3.923916388352088891e-01
1.146941799600908474e-01
6.754855920871745412e-02
1.336980841356047722e-01
2.475928325149507614e-01
2.249968624464992323e-02
2.246251653083106425e-01
1.034007177971561636e-01
6.573441816832713280e-02
5.335161268333139806e-02
1.245676048337447245e-01
1.419379116300327481e-01
7.387490894902082328e-02
1.309510504961016453e-01
3.029736245016659280e-01
4.395629466136799501e-02
1.164035584241685239e-01
5.765889182850311157e-01
2.079344036997424205e-01
8.197571649727614096e-02
1.820912967132978233e-01
3.497642174903489165e-01
8.012615528597183401e-02
1.874726057807493129e-01
2.527187589543675172e-01
2.599806836399327081e-01
1.747868864157418600e-01
4.637307989841317479e-02
1.072123879702484572e-01
2.266542917127047641e-01
3.485924931369840385e-01
6.251555202354246166e-02
8.531609780547710908e-02
9.730253426465723665e-02
3.529167820710797654e-02
1.702600241628177136e-01
4.244433565191204072e-01
1.341625085152308439e-01
3.017482776396001112e-02
2.570782313923250517e-02
7.832297672057583759e-02
2.609721160818382901e-01
3.230951896981534843e-01
5.840687143792745450e-01
1.541526243406743379e-01
1.725733104171650600e-01
8.474334502226038568e-02
2.273910101545567886e-01
1.312391764266961081e-01
1.689412232972435923e-01
5.871167121439982983e-01
8.592080681662137009e-02
2.749643795330368179e-01
1.493656392970745539e-01
1.771950740532739488e-01
6.059189286548016806e-02
1.112611391523287835e-01
2.710794749648775537e-01
2.435173195162717852e-01
4.360232382199739909e-02
1.791697622636165277e-01
6.362082528635902845e-01
1.452616343355724593e-01
3.833726405223631950e-01
1.048784082118441596e-01
2.776639938364659776e-02
9.984664163974449336e-02
1.225964564774966459e-01
2.016131634384680515e-01
1.289776138464157895e-01
1.863406331305531571e-01
3.885711501862858241e-02
8.784722864796054229e-03
1.940449979826669447e-01
1.719043833102383290e-01
1.430142387491970535e-01
1.855750359164882735e-01
1.196752166468740691e-01
5.893247224665946332e-03
5.825046721423753765e-02
8.473571724507830694e-02
1.447723467712830614e-01
1.468406004897294392e-01
1.535926618681319744e-01
2.324683368311248610e-01
1.462276848212911429e-01
2.551223982434190907e-01
2.022170230674515123e-02
6.669486731336844720e-02
1.943765296493940586e-01
1.494822224067237082e-01
1.371862061935188171e-01
1.475235058447410263e-01
2.693878019823384151e-01
3.160514455725465521e-01
3.331163984838140246e-01
2.169806667364235497e-01
1.006342817623190611e-01
4.039837894785874850e-02
3.520310862144795383e-01
1.436544370549761307e-01
3.019205628084193349e-01
4.899774902214971140e-01
2.199227584980474048e-01
2.394407932440162368e-01
2.005124966646081308e-01
1.220977035677903999e-01
6.663604475469302180e-02
1.424903701938707856e-01
2.617797803710869009e-01
2.341968453860070465e-01
1.776674705356243722e-01
2.649882171533667896e-01
3.023255407229417102e-01
8.652689459751983225e-02
2.266426053681857844e-01
4.070476788657090284e-02
3.218490963696886142e-01
3.088281265366354944e-01
8.606387353258984629e-02
4.218256376742991753e-02
9.710924882964816485e-02
3.116062846807938769e-01
7.661637647245254923e-02
1.161198156833041922e-01
6.654143918740963726e-02
4.200185537248769529e-01
8.434077646242582604e-02
7.731259337826398848e-02
4.577645845824096504e-02
8.937655727668331052e-02
5.861176764461001332e-01
9.159016405212333511e-02
1.668056547995896630e-02
8.654938786377269766e-02
1.283299828872934423e-01
6.791094092483838940e-02
3.427978829405037287e-01
1.417102237979287749e-01
1.194059307952891197e-01
1.898083924618566565e-01
1.406411683515273736e-01
7.167088509363886417e-02
3.590066924602157428e-02
3.720046144664566068e-01
2.342616266520919366e-02
4.745043036247933999e-02
4.422539314095697005e-02
2.656128895529736300e-01
1.497722221189434488e-01
2.494792781671273940e-01
4.077269300039224054e-02
1.853089105957926863e-01
5.033948686723249688e-02
2.729389446040871858e-01
1.526849312537183548e-02
2.658165546239889543e-01
6.072632289771772579e-02
2.141784640403119888e-01
6.082932806377897711e-02
3.590948198847545431e-02
4.352135111412559765e-02
1.986508392437746906e-01
1.144755973517158493e-01
5.222559839939181492e-01
2.841798649895704298e-01
1.672805421434680473e-01
5.488224045746270541e-02
1.498526942925568761e-01
5.345395323576203062e-01
2.876900933549179640e-01
5.668388963546707737e-01
1.541613037070685976e-01
3.712753649387401378e-02
3.676352534650466630e-01
3.302564250752997727e-02
2.986472985576080763e-01
1.201997456116884327e-01
1.352247471892936426e-01
1.142640869898664535e-01
7.357198419838477388e-02
1.192400921101633843e-01
1.773212456618399324e-01
4.499181002350124969e-01
1.037297779075397886e-01
2.168227732013413012e-01
2.730756841389282985e-01
5.475723191923143052e-02
3.479271290795681038e-02
3.014034439830843848e-01
5.652567657454830030e-01
3.230418131515950253e-01
8.006051498583045822e-02
1.158545370642351940e-01
1.252238765443570434e-01
1.015428418032189167e-01
4.925737804153726418e-02
1.867551015705939954e-01
1.266354385943269101e-01
4.272263685150914925e-02
4.285966358062223702e-02
8.515000683232060164e-02
2.575754641921026988e-01
2.864883921201488715e-01
2.231983340321917475e-01
5.624841503330759718e-01
8.636990986518058855e-02
9.422692354389072822e-02
2.367523200197405586e-01
1.803236996062023145e-01
4.671155025682714457e-01
3.066929458638993911e-01
1.498196046692054362e-01
8.052534645932973856e-02
2.685756079841218336e-01
9.560603450476856668e-02
4.326403853331801108e-01
7.728506126234785389e-02
5.135216875520470792e-01
2.423166722697394082e-01
1.900504556894850872e-01
1.077007432544260235e-01
1.077648641400687918e-01
2.070332600902061726e-01
1.795737137788762094e-01
1.922452989922817101e-01
1.515750245531990448e-01
1.177696095651698943e-01
2.088067841730278096e-01
8.461991742214200474e-02
3.210324289700292599e-01
1.594362365944391458e-01
2.195136306361922252e-01
7.700516109973842838e-01
4.879465252530361119e-01
1.773863695184952349e-01
7.067612205474793630e-01
3.111014385156978257e-01
2.411106411047081177e-01
2.603452105577886561e-02
8.982854069065657199e-02
1.106857764573773856e-01
1.339706493559722766e-01
1.380775057867938138e-01
1.690973009856553966e-01
2.940956664116783914e-01
7.284350278716405190e-03
3.660439711231844306e-01
9.387223371870917488e-02
1.092837707435771882e-01
5.787645690755839623e-02
6.982926358656840748e-02
1.920289536356761806e-01
1.860574283553974029e-01
2.546941129986463048e-01
3.484076811899676773e-01
3.266386249716937140e-01
1.187206142715380441e-01
1.390587779522152734e-01
3.663169152363380254e-01
1.077880454203206800e-01
2.557227932688599381e-01
2.308872097959251135e-01
5.935397166580482775e-01
1.649731875314753848e-01
3.413728135180795764e-01
1.218040576745326870e-01
2.611673989437504270e-02
2.096495012105824562e-01
4.267493439379040909e-01
9.093956892011590505e-04
1.196033255733882500e-01
7.136420137443111322e-02
1.311976926357673150e-02
2.366267202636988809e-01
2.492034303959589081e-01
1.850909758000737204e-01
4.616232313673495624e-01
1.467709183408456020e-01
2.987197526945830628e-01
9.624571009624482976e-02
4.379373755755218145e-01
2.048640642312157534e-01
1.552797726336947459e-01
2.304721263567594824e-01
4.353375102788461515e-01
1.129570193277781576e-01
7.738535877991076228e-02
1.322685736136100798e-01
2.761389243984739283e-01
3.214566696743233892e-02
3.277848636658147741e-01
3.692302515736374247e-01
2.420980818623076625e-02
2.662996996865369392e-01
3.152302689955188003e-02
7.978319643226898517e-02
1.033649685286623654e-02
2.645762020298607076e-01
9.598416989861746629e-02
1.030387011955133103e-01
2.540243105286028036e-01
2.130292723954398670e-01
5.916976085449739131e-02
6.598185480403960523e-02
8.644703735023057112e-02
7.641781740634334685e-02
2.181311383079646282e-01
1.933127133444549894e-01
2.138775798677352569e-01
7.384169320751417243e-02
8.690401472643519143e-02
1.482957833513595669e-01
2.521294622765017368e-01
1.774794331955082405e-01
1.020078472116962703e-01
5.027987149197467032e-01
1.216653275766518133e-01
3.347757298705351658e-01
9.649622263160040347e-02
1.432436378195840188e-01
1.418103591105116801e-01
3.168144099249167733e-01
2.321674910660459501e-01
8.796195251025493156e-02
2.396432416696331336e-01
1.301838571268230105e-01
1.809374075960809014e-01
3.004871016483541823e-01
3.787566928765675467e-01
3.741298179461974849e-01
5.907027458037755058e-02
1.186361631901285546e-01
1.938417584362324142e-01
4.224513097667674244e-01
1.593843517374085583e-01
1.251241882471837777e-02
1.534042722851911289e-01
1.511611892757268316e-01
1.351467767428737032e-01
6.898623966378768235e-02
2.831788976656671175e-01
4.270020180797726161e-01
7.305675934434828489e-02
5.740032801708221805e-02
3.534255746089447481e-01
1.214369535466753303e-01
1.866417453642976176e-01
5.399381493192748765e-02
3.225385774565948660e-01
6.945478237973273794e-02
5.430937572390854839e-01
1.355102991343478946e-01
1.639939829623105749e-01
1.817120187764213468e-01
1.349983425695379657e-01
2.791439693699346303e-01
9.388509289863833374e-02
1.192347863928902019e-01
1.697566284459158803e-01
3.938426600295354962e-01
3.850258683047819153e-02
9.738095737230684223e-02
9.171409107441488850e-02
2.094127574983199180e-01
8.239839612866707574e-02
1.289565148711968590e-01
3.349895633967698849e-01
1.781551061175121742e-01
5.458500747913896944e-02
2.467811488535087416e-01
1.964661947487332250e-01
1.242644906296303670e-01
2.271223738798929664e-02
3.667108198612087921e-01
5.688619124264569088e-02
3.063393397340865576e-01
1.022522638205219520e-01
2.514259610762701325e-01
2.053084403808659308e-01
2.131969064700604821e-02
6.019397731675282248e-01
1.557005785240982154e-01
1.727087602907734776e-01
3.925701693296421713e-01
8.521065429566049287e-02
5.005866695174655545e-01
3.673733091140247708e-01
1.049939670416623755e-01
1.931492662535008176e-01
2.163379293763533218e-01
2.960654697453625750e-01
1.746523099156078729e-01
3.664692004952522231e-01
6.856898094999079596e-02
5.835184993646812951e-02
2.117829012453521509e-01
3.299617406830178679e-01
1.018311492540459606e-01
1.762846546524098335e-01
3.363341006854438930e-01
3.065667291241225278e-01
3.029273469071364078e-02
1.964942461129631779e-01
1.309920280650582469e-01
1.992139658417430570e-01
1.475888263467272921e-01
1.921344109911758968e-01
2.879632932987803984e-01
1.366580334614146131e-01
5.074781032655973911e-01
8.011681338419983367e-02
3.733905052934454183e-01
1.994662483512169571e-01
2.266977138196872021e-01
1.824199953486745907e-01
7.207260436361682954e-02
5.360886578504497207e-02
1.541534339190964165e-01
1.404711088585970380e-01
1.252358938262921051e-01
1.560657092990083983e-01
1.266514591419981295e-01
2.922200648955378677e-01
2.963535566186505377e-01
2.598756245358794792e-01
3.343519178778215917e-01
2.444713296144566395e-01
4.048028101790319133e-01
2.090640655542284898e-02
2.702300998359796202e-01
5.166122385557162661e-02
2.993130270230069945e-01
1.550003782499583260e-01
2.916813144304463701e-01
2.248719106910822552e-01
3.307925146208580691e-01
1.142635950685318147e-01
5.550767674834398285e-03
7.031705332808151077e-02
4.928671796025670127e-02
3.934193682147975046e-01
8.891496034736151577e-02
2.798977694683753639e-02
9.042669858792931614e-02
2.480903246339586365e-01
2.342289129947179860e-01
2.935470490996305304e-01
4.291562841144713203e-01
1.083710248796604658e-01
7.643190594897061874e-02
5.065981096251326310e-02
2.743213187711718293e-01
7.332634071073005355e-01
9.237327035458312019e-02
2.905439721267319420e-01
3.052820532482924953e-01
2.492771959508067736e-01
1.648267222239721275e-01
1.960406303573248299e-01
6.056013301811886962e-02
2.010434228945134627e-01
1.125840770241917643e-01
1.734408064360139501e-01
1.147577521976931858e-01
6.764177718082450830e-02
1.965645923564728337e-01
3.977625911058575436e-01
4.203540808290276432e-02
1.467774577477924391e-01
3.847336355554979992e-01
1.880372729236355900e-01
3.380170173996558391e-01
2.144947360145998683e-01
3.321875346709821653e-01
1.433390946929986587e-01
1.909866297194966478e-01
2.018918598533339104e-01
1.185629110745043957e-01
6.381988446243318236e-02
2.228086469711471063e-01
1.347525400934451445e-01
5.252012963572102455e-01
1.368843028477846557e+00
2.738656197399853554e+00
2.087327961405292864e+00
1.732737711844676731e+00
1.121590544313783022e+00
1.845269439655161214e+00
1.315141051746682610e+00
2.471401724553033752e+00
2.064379515671837861e+00
1.531693020253304782e+00
1.748337146638989870e+00
1.519663653259973435e+00
2.055887327810802745e+00
3.627348310741495663e+00
3.461463680165278056e+00
1.641612611084324547e+00
1.703790921435559103e+00
1.919934015025082763e+00
1.242788877018973226e+00
1.598346466550830680e+00
2.355917333534831126e+00
1.912973188772241873e+00
2.182681498674195364e+00
3.378304140690991275e+00
1.859753906467867868e+00
2.296458185835933197e+00
1.200885097144059666e+00
1.627070417089775178e+00
1.446950129470579327e+00
1.796505550225498071e+00
1.822390484085778084e+00
1.958533803726774769e+00
3.704371264276240971e+00
1.701633994970371822e+00
4.067095243365812074e+00
1.449771263140144040e+00
1.974240102327249335e+00
1.687918108487655333e+00
2.236912455129949517e+00
1.062300891087260002e+00
2.612101503871989472e+00
1.975263709440791438e+00
2.220220418065133927e+00
1.477604144403196429e+00
1.203913235034890672e+00
2.743773039765079247e+00
9.548951554840261480e-01
9.179510648989537280e-01
2.290185858761932813e+00
2.183449697229555841e+00
2.202698431001237633e+00
2.674450107192220649e+00
2.294254137274025052e+00
2.304093402628837328e+00
2.621927638337461008e+00
1.477024572370700062e+00
2.919895388105644418e+00
3.686610766129024608e+00
2.440151840189086485e+00
1.827164122096426979e+00
3.311570559994291507e+00
1.481403471894716439e+00
2.471804595216694267e+00
1.566812379457518389e+00
2.899810656779436613e+00
1.229689458078613518e+00
2.575857779080338972e+00
1.338862912033563113e+00
1.783776492369181899e+00
1.620343989414877672e+00
1.457490730371403975e+00
2.923790255721812947e+00
2.479724758557213971e+00
4.212560393995274488e+00
1.641076961055073058e+00
2.004607139899331703e+00
2.583114808328815570e+00
1.828417739008707743e+00
2.268259747930087666e+00
2.814331267186802599e+00
1.834291193781727003e+00
2.494605346337889884e+00
1.403683203215954745e+00
2.001845118257322476e+00
2.916925780266113932e+00
3.710178089715741478e+00
2.065948373869955113e+00
1.859301708538980025e+00
1.224864930101181582e+00
1.785504095391980517e+00
1.140286416185294138e+00
1.691608712901611966e+00
9.249337892625129065e-01
1.227511116548095416e+00
1.217089979174423853e+00
2.267467887084548384e+00
1.329198912476683647e+00
2.648568290399572422e+00
1.771383800527611685e+00
1.981522242820358048e+00
1.721991832354162089e+00
1.855938766808580498e+00
1.812952105654912494e+00
1.966247185184886170e+00
2.087842134148328643e+00
6.183565235137784555e-01
2.183141904281761470e+00
1.365020541861204029e+00
1.700900774774684043e+00
8.451069472879559896e-01
1.993622009040609377e+00
2.360310898981180738e+00
1.185949989928094084e+00
1.948112774938693947e+00
5.246569209357530017e-01
2.865862720080695869e+00
1.772072193274974783e+00
3.079628884563320401e+00
1.950024165694332901e+00
1.534025775438904837e+00
2.118078025751543247e+00
2.181314271313468556e+00
1.575807891134806127e+00
2.153613443567560015e+00
1.896092430233609294e+00
1.301365919738578514e+00
1.405023693320369915e+00
2.671716781888660464e+00
1.268155247674870090e+00
2.233405813244718985e+00
2.206922954858888897e+00
3.164096233551745740e+00
2.126258673795731635e+00
2.106164774923337202e+00
1.463712519613546537e+00
1.200572828538530201e+00
2.551670859832308569e+00
1.534034524822106338e+00
1.797583205292141884e+00
1.340693127582449407e+00
2.671006970259062641e+00
1.424573214480820527e+00
2.068725731806666968e+00
1.679790402418145367e+00
2.054733506452441016e+00
1.502255738544089336e+00
1.885195366190856703e+00
1.746091761306821644e+00
1.453965157933734043e+00
1.926812033840445526e+00
2.471207959283589162e+00
1.976034557090595944e+00
1.662134352109869484e+00
2.157018064738019270e+00
1.846438952228298902e+00
1.783068441984031471e+00
2.250837512417873665e+00
1.900045821990739903e+00
2.296373858605039509e+00
1.856500752262849163e+00
1.651345934153760631e+00
2.060468763840492823e+00
1.192605343672689111e+00
1.252393323148504933e+00
2.273132252118697405e+00
2.749672455365749002e+00
1.107208270665188232e+00
2.129078996795600087e+00
1.721906837089344222e+00
1.794699417264317365e+00
1.658644703283853161e+00
1.654952057335058457e+00
2.564481714894469633e+00
2.048532624666933533e+00
1.520478659773766950e+00
1.974491202689855784e+00
2.315319913121982154e+00
2.506889936534879126e+00
1.693689749946428069e+00
1.597163935881291463e+00
9.682121574376281181e-01
1.539562511885662399e+00
2.629265376097239315e+00
1.513028805361934959e+00
1.724058878560822183e+00
3.485949254236345052e+00
2.631665203173724432e+00
2.462732299565768557e+00
2.134149454062117535e+00
1.035381146599336777e+00
2.041427296104696421e+00
3.451085430645806085e+00
2.180032144741013589e+00
2.249444268948724623e+00
1.122744299119765365e+00
2.320282128782922726e+00
1.905782001055180253e+00
1.817889947478579904e+00
2.003256824642354328e+00
1.539985081688917123e+00
2.092295071489626235e+00
1.464861933732172217e+00
2.857911265514035293e+00
1.656298969203683136e+00
2.881444369858042087e+00
2.102640760271158538e+00
1.753141426529264413e+00
3.196148566888040055e+00
2.015668971683787447e+00
2.006193901900570342e+00
1.983281977054814682e+00
1.253081598450804579e+00
2.205737719546994047e+00
9.809700216780694593e-01
1.721716103320849456e+00
1.612554593149711168e+00
2.322866183225002601e+00
1.829005168544091564e+00
2.598867282699121706e+00
1.587089323157635956e+00
3.822950884466584487e+00
1.518246147836673332e+00
3.325684312672622767e+00
1.622568924146475355e+00
2.277384667585209854e+00
2.039337303407959379e+00
2.800352038865921322e+00
2.449673930905893027e+00
1.404533375521914040e+00
3.383350207915295282e+00
1.679444385659699890e+00
2.351035942314716021e+00
1.110311091500810310e+00
1.789911450800384607e+00
2.256572192513414787e+00
2.830434207851431072e+00
2.784531574298570789e+00
2.028712402232147216e+00
2.503979453082373130e+00
1.735549804741511881e+00
1.491869654450976190e+00
2.572322078696771541e+00
4.207981786013012204e+00
1.327972841409383875e+00
2.306220174645009724e+00
1.602226633017270530e+00
1.422339878430492144e+00
2.928878493782082426e+00
2.244062211199644441e+00
2.666100918638221184e+00
2.116965751915507621e+00
2.756963052059701269e+00
1.734591036499307570e+00
1.450286646189117512e+00
1.756669090801171285e+00
1.521241445601254627e+00
2.358201919593184037e+00
1.898668761835947683e+00
9.529813114027553267e-01
1.731906340221607721e+00
1.915587583854711839e+00
1.505888463718486614e+00
2.519579744659616427e+00
1.742173945845724603e+00
2.024209342277017765e+00
2.021111090763023199e+00
1.696262278344790264e+00
1.525953288087070092e+00
3.565978266834081811e+00
3.236448197831917728e+00
1.878096287192940084e+00
2.640901072143430728e+00
2.331766129485676853e+00
2.874427412536196158e+00
3.176699702802958214e+00
2.458940500987333522e+00
2.135789794542179099e+00
1.573357391313902731e+00
2.212966141513180496e+00
1.829268426581128981e+00
2.721342458420346944e+00
2.739035991918080004e+00
2.559320397566021921e+00
2.340520657546997008e+00
7.832787459497141391e-01
2.270476863542341128e+00
2.399589402603324650e+00
2.021092401961248619e+00
2.556328623768789665e+00
1.788439373189332660e+00
1.876112572254865274e+00
2.128984280534561346e+00
8.439402132128919209e-01
1.088637871069138674e+00
1.598505928731030146e+00
1.765526363223082873e+00
1.614200653152449094e+00
1.171166193763957919e+00
1.712561529092563095e+00
2.331843453834817392e+00
2.299058172314850435e+00
1.580348873780228924e+00
1.749309981261554459e+00
1.888688704183535183e+00
2.136659527503209866e+00
2.368165093846375857e+00
2.653588614105213850e+00
9.711477783123698693e-01
1.485814879610912520e+00
2.101116358960117392e+00
1.890421926473067504e+00
6.943166687975673712e-01
1.796678839825363472e+00
2.234694111872167710e+00
2.059361480275744061e+00
1.804810031144886029e+00
9.952632984663921656e-01
2.083456367135122722e+00
2.539119197596916511e+00
1.802475118253104247e+00
2.510136726535630913e+00
2.663502400285654659e+00
1.186245097761354339e+00
2.276343046592319119e+00
1.348488294538615850e+00
2.825437120860172513e+00
1.388855898225395791e+00
2.784091029421144725e+00
1.137905843106527870e+00
1.183214805848405771e+00
1.363183600766593839e+00
1.109257160670811482e+00
1.936526866382850987e+00
2.041253249105487111e+00
1.607050076178839548e+00
2.938459227032450993e+00
1.267453257448741599e+00
1.856372529630667900e+00
2.077022011938713941e+00
2.778310613381497873e+00
1.714561452371882844e+00
2.583354273058898087e+00
2.263631518362032580e+00
2.528656775019195724e+00
1.250358152055836225e+00
1.423328635216829952e+00
2.322515623691690845e+00
1.634218646857719115e+00
1.432092454717050600e+00
1.077739393249855127e+00
1.257741385487060271e+00
1.813125707164750189e+00
1.043642696429987637e+00
1.851465828337945041e+00
3.462695171354539081e+00
1.182103221661293224e+00
3.075525016813772439e+00
1.962344965586466206e+00
2.024517263439034931e+00
2.004715738455587815e+00
3.621794957596762288e+00
3.413533558338612384e+00
1.813506744775942536e+00
2.135464445909776909e+00
1.962986102438225799e+00
3.127688722961222911e+00
2.325434436078411160e+00
2.405851545341139541e+00
2.379089667830324828e+00
2.151168916718828594e+00
1.413409933018054288e+00
1.546700962767763698e+00
1.888670727687771222e+00
2.786997752188383970e+00
1.278016139910952642e+00
1.834146240105773762e+00
1.301260437340336473e+00
2.309074757230437314e+00
2.024146991454701006e+00
1.822407809154104941e+00
9.352341354317961208e-01
2.771880101468831459e+00
1.069585017427256757e+00
2.216733836783383094e+00
1.782545353745392802e+00
1.830340976696129829e+00
1.094630775380291965e+00
1.817770389329163905e+00
1.748546436840209939e+00
1.794934008610214349e+00
2.845627010743868368e+00
1.471624650329271589e+00
3.514157694884349592e+00
1.698828240817545243e+00
2.661640235901436391e+00
1.538935488618208058e+00
1.720055853499170784e+00
2.430315157387007208e+00
2.758977811208940256e+00
1.867047613613788348e+00
2.483063971506277667e+00
1.893169273881006198e+00
9.685904247217026475e-01
2.789410201110058107e+00
2.430801814663754001e+00
1.326924507881815707e+00
1.708254640622854481e+00
1.623332002648725014e+00
2.336375303122403935e+00
1.918238978007353213e+00
1.949573923130571096e+00
1.188223558553944903e+00
3.077375444596989862e+00
8.583688539459273237e-01
8.510469597714250822e-01
1.327395696028030869e+00
1.653662462078730799e+00
3.030705029246684390e+00
2.534701004672346158e+00
1.325330917880126025e+00
1.777287950360243229e+00
1.415776187375548112e+00
2.272406085286742705e+00
2.490030823023437812e+00
2.333281089403294484e+00
1.651582539407847383e+00
1.791988331496650266e+00
1.636134558454824806e+00
2.168920791057230346e+00
1.793216976762033177e+00
1.498712080910702849e+00
3.067011872796485239e+00
1.495410910783332437e+00
1.859113774224046667e+00
1.433344275706442961e+00
1.903022817596071725e+00
2.449072132031318461e+00
1.122543815715240312e+00
1.714876523324410762e+00
2.187001571969826585e+00
1.289959883628851056e+00
1.454520761473751866e+00
1.796727519459604849e+00
1.779895673873386874e+00
2.421787367164872862e+00
1.402346508214149523e+00
1.827864803178303355e+00
1.315052772817703053e+00
1.935856008674444517e+00
2.841242286809155360e+00
1.511341241185557571e+00
8.678195179137546678e-01
2.353938225699223619e+00
1.964537536909621185e+00
1.506237039302799730e+00
2.080951929056871208e+00
1.965261410270398690e+00
2.375196113258228880e+00
3.518247465615170544e+00
9.830236457026165775e-01
1.935354084081699177e+00
1.902826210475790703e+00
1.634930329439684860e+00
2.804689606475085029e+00
2.250231397805894762e+00
1.644169397279714673e+00
2.738871808189718760e+00
1.728902946521048811e+00
1.983851186028832814e+00
1.926242536042228615e+00
1.491113974954908716e+00
1.449066029549480383e+00
1.721998484734053481e+00
1.347370432046963273e+00
2.208361519412961993e+00
2.465564730330012111e+00
1.414232458977179974e+00
1.697400993537059755e+00
1.384014869348216159e+00
2.056168891390032005e+00
1.305363186479090665e+00
2.723907010217927915e+00
1.544312664330167451e+00
3.023096690749341953e+00
3.242857231107687088e+00
1.425535177226404215e+00
1.933347023881567539e+00
2.187782063005921263e+00
1.522620125348018716e+00
1.319341946128525400e+00
1.974913811446660450e+00
1.493177578809819162e+00
2.388087668596823310e+00
2.104656013854242946e+00
2.068460034655927426e+00
1.561061446604426139e+00
1.751384349190030720e+00
1.956178870255611990e+00
2.586861001759537260e+00
2.512660788084760455e+00
1.687437650453164295e+00
2.307596366925514619e+00
2.133421351283931067e+00
1.917351117773730795e+00
1.786668341364341606e+00
3.447746258934810903e+00
1.929804658668363260e+00
2.698013557422028530e+00
1.829529097715719921e+00
2.213453443786322694e+00
2.104375506645157934e+00
9.042207560252490950e-01
2.105102665212747137e+00
1.550484281652064311e+00
2.577214752644602314e+00
1.819064748338160342e+00
1.973525517798097484e+00
2.390304526809312602e+00
2.949988898412851501e+00
1.463723169151467385e+00
1.614024949361211103e+00
2.064898659349960752e+00
2.980953429951831435e+00
2.988289390321037242e+00
2.835147770349374596e+00
1.593847937852840513e+00
1.243678355582956696e+00
2.214822614305877124e+00
1.967853632820808052e+00
1.813401253969859628e+00
2.463582386172008309e+00
2.587253912994335714e+00
8.299390192586604265e-01
2.061034414602498810e+00
1.355315712291885966e+00
2.634591966353761805e+00
2.276307059395806132e+00
1.208479279940238404e+00
1.962846467235482173e+00
2.671833337357028437e+00
1.611538266312977363e+00
2.242770166701759216e+00
1.704459232648845912e+00
1.840802881023032134e+00
1.867425669759350093e+00
1.598277508845659778e+00
1.779675561298221798e+00
2.695272341391317994e+00
1.378351454984644064e+00
1.652751874094225970e+00
1.836243769372579937e+00
2.939736960655200182e+00
1.480752133617556421e+00
1.764964148517830456e+00
2.015317848161424674e+00
2.171832661652751462e+00
1.776332308854265962e+00
2.229774654613067231e+00
1.471836284093062108e+00
2.301299118159915835e+00
1.269778867359888208e+00
1.437244185636575189e+00
2.020833928804535162e+00
1.367519412335001183e+00
1.721271736767594707e+00
2.050879278213375567e+00
2.680355271702833164e+00
2.090906890220069592e+00
2.522948196258769649e+00
2.290009144344601566e+00
2.224945489125730980e+00
2.941234903374007281e+00
3.324776954831188291e+00
1.510546943947421283e+00
2.158494044623336716e+00
1.477445861129045301e+00
1.154610372575940236e+00
1.683714581828099188e+00
1.492237488721570138e+00
1.117619539997670719e+00
2.674143177895495604e+00
1.795648703439806315e+00
7.337586166621383743e-01
3.174911715069177021e+00
1.945583916868553587e+00
1.750976667120024421e+00
1.434428810236822782e+00
2.052947256184332048e+00
1.381363312048544012e+00
1.986791118786175536e+00
2.216809641522949459e+00
2.174316800560031737e+00
9.170303618525820211e-01
1.407947738004874161e+00
3.410750588347957191e+00
2.400027984145048698e+00
2.087075014442413945e+00
2.080818490223425243e+00
2.570828184380864911e+00
1.846824093451603366e+00
2.548949682550854412e+00
2.453070917297177633e+00
1.291839818788485195e+00
2.520006543644887742e+00
2.858022685702600985e+00
1.345958365276759050e+00
2.743880740755083814e+00
1.604501824707578628e+00
1.318807587751766652e+00
1.655236783662269673e+00
2.353294925110254621e+00
2.035975186234188605e+00
8.102424349425124683e-01
2.026980148103507684e+00
1.144345856818273388e+00
2.431306071666295310e+00
7.999664106659829521e-01
1.782068929263186607e+00
2.593587898163651317e+00
7.379577206494122299e-01
1.533738023060127631e+00
2.218555135890167840e+00
1.501877089629805706e+00
2.136917344419793974e+00
9.246874529962751943e-01
2.244451552869821231e+00
1.619215099093565868e+00
2.091575340905522662e+00
3.579789110302196153e+00
2.134288496465252205e+00
1.305375220152202420e+00
2.109117254404288655e+00
9.104589393810744724e-01
2.419684257254596904e+00
1.920653458101952982e+00
1.390652844083565265e+00
2.404163470484733445e+00
1.421256210461520508e+00
2.007504289019318211e+00
1.072953956962607647e+00
2.127688695367895289e+00
2.042437945311196490e+00
1.451073524125688685e+00
2.329114454788785871e+00
2.143202300146268335e+00
1.599138567582083947e+00
2.204815524541577698e+00
1.185871500756649599e+00
2.308281367810989693e+00
3.839523988082396588e+00
1.646754528876376744e+00
1.233586579651248627e+00
1.053641313640214072e+00
2.456762145369413286e+00
1.760159457603870825e+00
2.621661084381210483e+00
1.405756340694181539e+00
2.386971167178616682e+00
2.978879545282755892e+00
1.407050124256026047e+00
2.118660927524515625e+00
2.624817835125316190e+00
2.249655533375890748e+00
1.931158399473628995e+00
1.007724464415258980e+00
1.364293783287149786e+00
2.375275543536169209e+00
2.502362270384569154e+00
1.445468022969623068e+00
1.866473834856686054e+00
1.593348256646500039e+00
1.723758564033356810e+00
1.437897730927035322e+00
2.102683358948557402e+00
3.025865644118922226e+00
1.153630346988000488e+00
2.315649507737033819e+00
2.145390066866228018e+00
1.366830660001515874e+00
2.034570559945227064e+00
1.548488863417353700e+00
2.051495997440587526e+00
2.967873488886201727e+00
1.756661355426363258e+00
4.973874897320307298e-01
2.327274518625226829e+00
2.089121552516602698e+00
1.980627175633475012e+00
2.323769376324976488e+00
1.724579733978333085e+00
1.767633662901826774e+00
2.680947367930630154e+00
1.776377962328947291e+00
1.058054715767144938e+00
2.021210082865614321e+00
2.649746155955854388e+00
1.561187025081088864e+00
1.697421097212584051e+00
1.791454042326129814e+00
2.505810302274265489e+00
3.408094596561404899e+00
1.462497211943324382e+00
2.914539837618062013e+00
2.984006935217306200e+00
1.776881426667031860e+00
2.062337590967411316e+00
1.656895722593330733e+00
1.663192468890935416e+00
4.166471283898922628e+00
1.172045920149058951e+00
2.749638544610626401e+00
1.812080786269412158e+00
3.203431566140313436e+00
1.653974445885454614e+00
2.828797359217435581e+00
1.440355134778983137e+00
3.416351602722983216e+00
1.232386381151780563e+00
1.425920727511398312e+00
1.923793601494032890e+00
3.410692643081851827e+00
1.629873815577420393e+00
2.064831346370330500e+00
3.629711236822910081e+00
2.806402515369440742e+00
3.730768196975304374e+00
1.542751143863931862e+00
2.547496861994869022e+00
2.411914214570957782e+00
2.719194566790781309e+00
2.296068020927023667e+00
2.129860800344768546e+00
2.843160091072708617e+00
1.876643456951398337e+00
1.313711723625651917e+00
1.752793278910590224e+00
1.773185067245104607e+00
1.291295333511268240e+00
2.717599840444891335e+00
1.858488615441997283e+00
1.423229822669179745e+00
1.730097305832582144e+00
1.667413384930962028e+00
2.302493800612906316e+00
1.973595847111211832e+00
2.141321285206210234e+00
2.592579285461551919e+00
2.188353734983615073e+00
2.304334041528729227e+00
1.206343031789581577e+00
9.971044653972740424e-01
1.540333042155357823e+00
2.214465511281473731e+00
1.389470719670697241e+00
2.852725113704084325e+00
1.731444790944959511e+00
2.134004792632246073e+00
1.777655864516747064e+00
2.412442295014017191e+00
1.862220439767091840e+00
1.926471289361249006e+00
2.188980466497634225e+00
2.672957148742128641e+00
2.885679890603091380e+00
1.439317773702017078e+00
2.082819471096667652e+00
1.203616422946576892e+00
1.582999369795828448e+00
2.545413367527453286e+00
1.080647568915320988e+00
2.171171245791274185e+00
1.683758686376513269e+00
2.488115988483764696e+00
1.479645954237826855e+00
1.396363605743661029e+00
7.574615069449162075e-01
1.331681514022963642e+00
2.435988440439008862e+00
1.466917489269262909e+00
2.369875648279089475e+00
1.472228721262073492e+00
2.876568983842549443e+00
2.046819985087590776e+00
2.598192742479032535e+00
2.104488994854921913e+00
1.559797648423919991e+00
2.039926899168028385e+00
1.687175687567915139e+00
1.868815760347673605e+00
1.760048397297253375e+00
2.911854844325228786e+00
1.693828968329203821e+00
3.188671138914775494e+00
2.580779091607860565e+00
1.790143600604738428e+00
1.342067425425584659e+00
1.717265528552809783e+00
1.397595008467486410e+00
1.165292351933542081e+00
1.838191634773281180e+00
2.386136361481315138e+00
1.770217339246368482e+00
1.621177281461483988e+00
1.815727345107887913e+00
2.054117206657842587e+00
1.440153715966236092e+00
3.414742969612793111e+00
1.788991978685266604e+00
3.265652993350807609e+00
2.573334545482195423e+00
2.232633216916949603e+00
1.048292346942359066e+00
1.677016504140327102e+00
2.690929949426316359e+00
3.002282607025050343e+00
2.141974961656435195e+00
2.554229499046685170e+00
2.338103684461116938e+00
1.610704201887852349e+00
1.581570360052924062e+00
1.405662251402137297e+00
2.376087638992869788e+00
1.836691590068318947e+00
1.876832249066450631e+00
1.267781086370208143e+00
2.380129707260099536e+00
1.815625513241729827e+00
8.370747862049884302e-01
2.966558397872738784e+00
2.672846857956472366e+00
3.451370213475198234e+00
2.276594518359475128e+00
2.063883596358047523e+00
1.346438213265438444e+00
2.331441674832383182e+00
2.285288305752220861e+00
3.034280290325403584e+00
1.837413174793095072e+00
1.815520291124302465e+00
1.365568800884689793e+00
1.499856203211390238e+00
2.631790014270264155e+00
1.913354622931504156e+00
1.167319047137423516e+00
2.820455734506332135e+00
2.130146759337191664e+00
1.947090129532566216e+00
2.520606534379666641e+00
2.730262581779741016e+00
2.587003157467614223e+00
2.747370990329929263e+00
1.773865827769559589e+00
1.800046071008535753e+00
2.311087781548953224e+00
1.865694914304137475e+00
1.819201724563471290e+00
1.272425837122742376e+00
1.964522478102995073e+00
1.812703477084074200e+00
2.256597974604940937e+00
2.101046436740648282e+00
2.665758484651451710e+00
2.689492064459109599e+00
2.260823625657509606e+00
1.892314096149293468e+00
1.498944526966618618e+00
1.550439551341977529e+00
6.464029093188438102e-01
1.680455539490522954e+00
1.500913673186208719e+00
2.723562186261453633e+00
6.010656139115801988e-01
3.877028493271596155e+00
3.079135720329705617e+00
1.389801578167300988e+00
2.042213084772654064e+00
1.716179903975230348e+00
1.792539291303494542e+00
1.656159147776295804e+00
2.429634382806812098e+00
2.231811604168362884e+00
1.073252121215288790e+00
1.382760159799416577e+00
3.107804003188007425e+00
2.047785890344110626e+00
2.295893686360255703e+00
1.656954231203717320e+00
1.804214112163801120e+00
2.311746751615971096e+00
2.790269175254483258e+00
1.993782935558234604e+00
2.231600157847151600e+00
1.375631693437285641e+00
9.898570225495459951e-01
2.404613229335867075e+00
1.945511730540914641e+00
2.103003404940858356e+00
1.980035685138098689e+00
2.197841968913474275e+00
2.478510660322482018e+00
1.990151567329985216e+00
1.396992319896820822e+00
1.665062263081311444e+00
3.021735021564701640e+00
2.206303353615147067e+00
3.164013604047884787e+00
1.618847594361871645e+00
2.257772782624281493e+00
1.609170952896224138e+00
1.432938579793475276e+00
1.942918409205947272e+00
2.668998023690678512e+00
2.229039475793296532e+00
1.625313612542591546e+00
2.586193345875470229e+00
1.402606432252345936e+00
1.902818188147237466e+00
1.589221931515202968e+00
1.667596122485515586e+00
1.132413918232805017e+00
1.544827422433221464e+00
1.860104033513728439e+00
1.148499304953581879e+00
1.586471261654875509e+00
2.615905291036503932e+00
3.323295821677684447e+00
2.396264029319019162e+00
2.030885140551989654e+00
1.091347110119070374e+00
2.992572610651850873e+00
1.179078249261219957e+00
1.302430668508408829e+00
1.780983761842351853e+00
1.841503047162809770e+00
2.750660821325816574e+00
2.311565932076764529e+00
1.855760727787592046e+00
1.513361359437046305e+00
2.309620466470508227e+00
1.763604399395917399e+00
2.796460472469241232e+00
1.118212425706399671e+00
1.265754754081758193e+00
1.913691726089427281e+00
1.831495180624179486e+00
1.860184103302634728e+00
1.748827170561527700e+00
1.494830693370835295e+00
2.366450665459816971e+00
1.693934617764869532e+00
1.036776914645485048e+00
1.676733579655894646e+00
2.035701368714726289e+00
1.378996633314413911e+00
7.734134424202951941e-01
2.064632696331553330e+00
2.755573817563429007e+00
2.811656689022115518e+00
1.544655971290199048e+00
2.658533934752705719e+00
2.095753881224005521e+00
1.306263363067075467e+00
2.194445850355739136e+00
1.516373715298233726e+00
1.508423920369446503e+00
2.598156399218284118e+00
3.364777343608005289e+00
2.304742722087307349e+00
3.413499725974666443e+00
1.416180659986910451e+00
2.672726490936880861e+00
2.589711058181468406e+00
1.300474800841249223e+00
2.037493793219334659e+00
1.753856015022095427e+00
1.906171523642778753e+00
2.430203851099426604e+00
2.217129892454065665e+00
9.558577226230529078e-01
1.231534632600056023e+00
1.264424534496183750e+00
1.694473555093928496e+00
2.122177050747998894e+00
9.819471013641161150e-01
1.956160886110210662e+00
1.715866593489661085e+00
1.157031030700869101e+00
1.529291767975109018e+00
1.951567685935523322e+00
1.446553490318045698e+00
1.865796722446783296e+00
1.947303005775931517e+00
2.497807181209199978e+00
1.730792109723465089e+00
1.424161308404755966e+00
3.006570276228189620e+00
3.564740304584216979e+00
1.573057992795313886e+00
1.618733910823746847e+00
1.130603116230910032e+00
